1630257117850 75.914775988044 1
1630258191277 82.01685968644135 2
1630259274369 83.27719426427086 3
1630260349634 84.82691543814175 4
1630261412302 84.20492762588022 5
1630262539556 83.98184905000873 6
1630263610814 84.1301599957034 7
1630264674311 84.45404822479284 8
1630265745536 85.27693031093825 9
1630266814132 84.44990877759942 10
1630267940595 85.38558916279374 11
1630269008179 85.02068721330801 12
1630270081153 84.50787533706564 13
1630271151525 84.69010142819569 14
1630272221528 84.64617488448343 15
1630273356084 84.728309556365 16
1630274433772 85.38173950252774 17
1630275506654 85.56461913225034 18
1630276578314 85.5236239987655 19
1630277651132 85.62151301105112 20
1630278788635 85.94244634509728 21
1630279860816 85.72582463661263 22
1630280935611 85.9466835457577 23
1630282006769 85.87955476909622 24
1630283077081 86.52862758971497 25
