1630015479137 0.8533220460414886 1
1630016190293 0.63766485452652 2
1630016906012 0.5625298466682438 3
1630017619508 0.5694634909629823 4
1630018334885 0.5705472111701969 5
1630019090662 0.5436570611000063 6
1630019809205 0.5254911838769913 7
1630020522535 0.5627520103454591 8
1630021233069 0.5091737036705019 9
1630021948170 0.5137732281684876 10
1630022696421 0.48797707152366615 11
1630023415159 0.47096883141994483 12
1630024131183 0.49427839601039886 13
1630024847917 0.47596208131313317 14
1630025565965 0.47056263422966 15
1630026315434 0.49066705322265636 16
1630027035011 0.4760321464538574 17
1630027746508 0.5035115745067595 18
1630028461284 0.511787506341934 19
1630029178989 0.4795840888023378 20
1630029937078 0.46967823135852815 21
1630030657698 0.4601234126091003 22
1630031373409 0.4516004197597504 23
1630032088655 0.4776780350208284 24
1630032800315 0.46006556928157805 25
