1629856255382 1.6613525748252869 1
1629856265788 1.2987639904022217 2
1629856276586 1.2731553316116333 3
1629856287522 1.2802354991436005 4
1629856298641 1.0896324515342712 5
1629856330800 1.023834079504013 6
1629856341821 0.8953834176063538 7
1629856352566 0.809624195098877 8
1629856364007 1.1432258486747742 9
1629856375134 0.8990816175937653 10
1629856397570 1.0595346689224243 11
1629856408646 0.7988173365592957 12
1629856419816 0.6418212652206421 13
1629856430996 0.9087414443492889 14
1629856441896 1.006413072347641 15
1629856464102 0.9987775981426239 16
1629856474995 0.8639206886291504 17
1629856486403 1.1405095756053925 18
1629856496717 0.8331268131732941 19
1629856507092 0.7391299903392792 20
1629856529836 0.9812720417976379 21
1629856540473 0.8969554305076599 22
1629856551685 0.8199576437473297 23
1629856562554 0.5866575241088867 24
1629856573158 0.5631676018238068 25
1629856594900 0.7495985925197601 26
1629856605773 0.7593723237514496 27
1629856616886 0.5693554282188416 28
1629856627690 0.7530502676963806 29
1629856638516 0.9132273495197296 30
1629856661434 0.5549004673957825 31
1629856672426 0.8107239305973053 32
1629856683407 0.8302894532680511 33
1629856694346 1.0192407965660095 34
1629856706012 0.7361695766448975 35
1629856728957 0.6072507947683334 36
1629856739931 0.8453221172094345 37
1629856750403 0.6055515110492706 38
1629856761633 0.5500957667827606 39
1629856774048 0.8850064277648926 40
1629856797241 0.4399092048406601 41
1629856808620 0.6536615192890167 42
1629856820477 0.4186563491821289 43
1629856831716 0.7194365561008453 44
1629856842963 0.7868475019931793 45
1629856865933 0.821013554930687 46
1629856877217 0.6944900453090668 47
1629856888536 0.6054727137088776 48
1629856899950 0.6905134618282318 49
1629856911100 0.7394718825817108 50
