1629854246188 31.025204763977364 1
1629854256472 54.471426069698204 2
1629854266853 60.81511638198071 3
1629854277572 56.8384994569304 4
1629854288604 66.1885079828187 5
1629854321883 65.60081929904416 6
1629854332916 75.0872514803341 7
1629854343600 50.23685905938531 8
1629854354415 60.87795465508924 9
1629854365247 64.1617678305829 10
1629854388592 70.30846010462389 11
1629854399260 70.043029847688 12
1629854410611 76.50231751280731 13
1629854421122 64.71784663320062 14
1629854431891 76.22805484104587 15
1629854454019 70.14050139714274 16
1629854465213 64.75383110531465 17
1629854476789 68.98591356673961 18
1629854487927 76.34276638752526 19
1629854498922 76.37924504481758 20
