1629857545146 35.17519692677816 1
1629857555534 51.1922976452588 2
1629857566613 52.78019264874639 3
1629857578217 46.91989840403351 4
1629857588928 54.03715612718828 5
1629857621883 66.56766621341158 6
1629857632519 67.57127071823204 7
1629857643310 35.181013421328174 8
1629857654338 51.34318951708201 9
1629857664645 55.60901842177619 10
1629857687349 55.26621715880028 11
1629857698467 60.74319231903529 12
1629857709736 70.2778789785712 13
1629857721027 54.73008709142837 14
1629857732800 68.95075853885922 15
1629857755387 58.71832423556561 16
1629857767091 57.741814546363415 17
1629857778639 56.21815782721842 18
1629857789909 59.73270498140717 19
1629857801793 79.23608395254857 20
1629857825211 67.52368064952638 21
1629857836676 56.82825123794631 22
1629857847673 70.99034273811779 23
1629857858482 60.154590079859325 24
1629857868918 68.66162570888469 25
1629857891936 64.45047968397292 26
1629857903348 69.3617625146344 27
1629857914638 76.46277184745539 28
1629857925674 66.60355925785687 29
1629857936809 70.16519174041298 30
1629857959997 68.35686373377033 31
1629857971321 69.13423575860124 32
1629857982991 67.34853796345939 33
1629857993884 62.15326155794807 34
1629858005447 79.65315191317 35
1629858028897 75.65483398126315 36
1629858040002 74.04891304347827 37
1629858051114 76.13530046779418 38
1629858063136 79.65206958608279 39
1629858074565 66.46123650637881 40
1629858097989 87.10004580252568 41
1629858109639 79.94410317622057 42
1629858121390 86.27324232860565 43
1629858132959 78.6191017457958 44
1629858144157 81.07664165453392 45
1629858168164 66.86367558239861 46
1629858180161 73.32648519089197 47
1629858192541 80.83809997513056 48
1629858204227 74.568099638409 49
1629858215465 84.88585032352583 50
1629858239329 74.50347567030785 51
1629858250754 69.64232678518393 52
1629858261650 74.79447495423531 53
1629858273309 64.28922019755812 54
1629858284215 80.90628124715936 55
1629858308056 72.82452445425066 56
1629858318981 52.83337617980829 57
1629858330393 74.03507742843736 58
1629858340834 82.9980882719641 59
1629858352906 63.72317152486253 60
1629858376559 80.36850528945621 61
1629858387432 65.11709070603428 62
1629858399081 85.87179400988269 63
1629858410545 77.41283628905778 64
1629858422305 64.24389314016503 65
1629858446372 71.45753621766572 66
1629858458005 64.6335299073294 67
1629858469536 78.85706565793029 68
1629858480991 87.4206113980862 69
1629858492446 82.2031513787282 70
1629858516848 77.2931506849315 71
1629858528491 81.82444061962134 72
1629858540103 85.33041078097094 73
1629858551912 84.34854619065145 74
1629858563775 88.90888831747664 75
