1630257117848 0.7018711330890655 1
1630258191276 0.5101320607662201 2
1630259274366 0.467962649345398 3
1630260349632 0.42516849672794343 4
1630261412300 0.4513263005018234 5
1630262539555 0.4490512524843217 6
1630263610812 0.44897444725036634 7
1630264674309 0.43694550645351427 8
1630265745535 0.4115206565856932 9
1630266814130 0.44522108888626094 10
1630267940594 0.4218001207113266 11
1630269008178 0.42897307491302483 12
1630270081151 0.42959455025196086 13
1630271151523 0.4287488367557526 14
1630272221526 0.4350308362245558 15
1630273356082 0.43870001268386855 16
1630274433770 0.4149023150205611 17
1630275506653 0.4073809520006179 18
1630276578313 0.4043085361719132 19
1630277651130 0.40447173976898215 20
1630278788633 0.3992464567422867 21
1630279860814 0.4095945888757707 22
1630280935610 0.39714121556282067 23
1630282006767 0.3939816060066222 24
1630283077079 0.37342260491847984 25
