1629854246189 13.35713390318713 1
1629854256474 21.431564049751987 2
1629854266855 23.716476671803335 3
1629854277573 21.542073560103344 4
1629854288605 32.986940461105355 5
1629854321884 23.267627655639437 6
1629854332918 32.674098416634514 7
1629854343601 20.03561604334898 8
1629854354417 27.210713963248285 9
1629854365249 27.78242605810056 10
1629854388593 32.194706664901716 11
1629854399262 30.303067051406718 12
1629854410613 36.69470748979795 13
1629854421123 31.952669319411942 14
1629854431893 36.798233680852746 15
1629854454020 32.47329217087435 16
1629854465214 32.047117270995976 17
1629854476791 32.23943237461327 18
1629854487928 36.642266933492515 19
1629854498923 39.69424448223433 20
