1629854246186 1.7393442392349243 1
1629854256471 1.2001512050628662 2
1629854266852 1.3513502478599548 3
1629854277571 1.1777437627315521 4
1629854288603 0.8016856610774994 5
1629854321882 0.9760441184043884 6
1629854332915 0.6928773820400238 7
1629854343599 1.5268715023994446 8
1629854354415 1.11407670378685 9
1629854365246 1.1043931245803833 10
1629854388591 0.8035418391227722 11
1629854399259 0.8069210648536682 12
1629854410610 0.7261774241924286 13
1629854421121 0.9474587738513947 14
1629854431890 0.726144552230835 15
1629854454018 0.8374564945697784 16
1629854465212 0.9976178705692291 17
1629854476788 0.8113034963607788 18
1629854487926 0.6980937719345093 19
1629854498921 0.8023387044668198 20
