1630286577759 0.7173885333538054 1
1630287641484 0.5261622211933137 2
1630288713545 0.49406005239486694 3
1630289781388 0.453053237199783 4
1630290847578 0.465552466273308 5
1630291978246 0.46839849281311025 6
1630293052857 0.4522282428741455 7
1630294135101 0.44180857372283916 8
1630295209890 0.42736287677288054 9
1630296285248 0.4348950759172439 10
1630297414552 0.43377283871173844 11
1630298489431 0.41688452494144435 12
1630299568138 0.40984901607036583 13
1630300650433 0.42495398461818673 14
1630301726322 0.41832287383079536 15
1630302862369 0.40656904387474063 16
1630303941344 0.42486148357391357 17
1630305021666 0.3813611462116242 18
1630306100519 0.3883993854522705 19
1630307170519 0.4172173310518265 20
1630308303591 0.41528927242755886 21
1630309382315 0.4142466191053391 22
1630310452899 0.4162207388877868 23
1630311534408 0.38753488683700554 24
1630312610132 0.39388983941078193 25
1630313746420 0.3906393077373503 26
1630314825846 0.37559498453140266 27
1630315903441 0.4002774411439894 28
1630316980171 0.3895946171283723 29
1630318058307 0.3980864790678025 30
1630319199207 0.4071533905267715 31
1630320273710 0.41216426026821124 32
1630321350047 0.3864304499626159 33
1630322426104 0.3855642435550692 34
1630323498470 0.3825473788976668 35
1630324633777 0.38192706882953653 36
1630325720529 0.3858841679096224 37
1630326789993 0.35340975129604324 38
1630327860548 0.3745961831808089 39
1630328937915 0.3766432522535324 40
1630330086263 0.36728424417972566 41
1630331170330 0.3686871865987778 42
1630332254503 0.37200448274612435 43
1630333329390 0.36333919346332555 44
1630334403805 0.3842107665538788 45
1630335543794 0.3624910193681719 46
1630336618146 0.35976409816741944 47
1630337694481 0.37480081951618177 48
1630338776212 0.35240263557434076 49
1630339847306 0.37765017271041884 50
