1629862652801 0.9417591681480407 1
1629863205392 0.8887805807590485 2
1629863744458 0.8347177226543429 3
1629864282517 nan 4
1629864814593 nan 5
1629866063269 nan 6
1629866715300 nan 7
1629867370791 nan 8
1629868009765 nan 9
1629868642746 nan 10
1629869516705 nan 11
1629870169459 nan 12
1629870799881 nan 13
1629871455214 nan 14
1629872098323 nan 15
1629873040128 nan 16
1629873711792 nan 17
1629874411605 nan 18
1629875114915 nan 19
1629875818090 nan 20
1629876781498 nan 21
1629877542880 nan 22
1629878390833 nan 23
1629879259566 nan 24
1629880202221 nan 25
1629881342518 nan 26
1629882220720 nan 27
1629883083101 nan 28
1629884037939 nan 29
1629885069802 nan 30
1629886362264 nan 31
1629887298774 nan 32
1629888238458 nan 33
1629889220715 nan 34
1629890164680 nan 35
1629891651252 nan 36
1629892636921 nan 37
1629893607145 nan 38
1629894657428 nan 39
1629895747414 nan 40
1629897073661 nan 41
1629898008770 nan 42
1629898902749 nan 43
1629899810057 nan 44
1629900714543 nan 45
1629901939792 nan 46
1629902890629 nan 47
1629903775822 nan 48
1629904396564 nan 49
1629904956562 nan 50
