1630510865796 0.5144061244726181 1
1630512212105 0.37930032205581654 2
1630513573054 0.34778882181644444 3
1630514942234 0.3375224896669387 4
1630516300305 0.340219558596611 5
1630517791361 0.35681206047534936 6
1630519139356 0.3669570815563202 7
1630520498729 0.3365876626968383 8
1630521862904 0.34405778276920307 9
1630523236234 0.3263137599229812 10
1630524726721 0.35124744236469274 11
1630526079214 0.33899778854846957 12
1630527437727 0.32428672933578484 13
1630528793407 0.3288123536109923 14
1630530150761 0.33712093770504004 15
1630531628599 0.3504365288019181 16
1630532991163 0.3230655448436739 17
1630534334426 0.33100858569145225 18
1630535678405 0.3387340494394303 19
1630537044493 0.3071030315160752 20
1630538531584 0.31230865752697007 21
1630539896899 0.32381700432300564 22
1630541258818 0.343266580939293 23
1630542612866 0.31497086811065667 24
1630543970311 0.3141485298871994 25
1630545457342 0.30761035299301154 26
1630546820283 0.3080201785564422 27
1630548182064 0.3153615680932998 28
1630549542475 0.32512250781059276 29
1630550908332 0.3110137642621995 30
1630552379025 0.31979063010215764 31
1630553742832 0.3206184011697769 32
1630555115867 0.30756311190128327 33
1630556471270 0.3250759885311127 34
1630557832959 0.3249637336730957 35
1630559308027 0.3221657295227049 36
1630560670851 0.30292700302600845 37
1630562036171 0.32207690513134 38
1630563389773 0.313807263612747 39
1630564755267 0.3122153192758559 40
1630566255354 0.2983324201107025 41
1630567617868 0.2971943026781083 42
1630568977590 0.2839024860858917 43
1630570346549 0.30583255493640904 44
1630571688842 0.32495452451705936 45
1630573181350 0.2992417230606079 46
1630574537843 0.29867357397079464 47
1630575909191 0.2975726510286331 48
1630577268101 0.30158061170577977 49
1630578628302 0.29474317467212674 50
