1629857545148 10.094745715141139 1
1629857555536 18.796215021621382 2
1629857566615 22.394103162130875 3
1629857578219 18.364177720182976 4
1629857588929 24.066369190365897 5
1629857621884 28.267053674288977 6
1629857632520 25.59360048474127 7
1629857643312 12.395497076369654 8
1629857654339 22.31793572343102 9
1629857664646 25.044546600615508 10
1629857687350 21.053357914329922 11
1629857698468 24.875059823468295 12
1629857709738 34.25036265611723 13
1629857721029 26.30159314975444 14
1629857732802 41.69008898867128 15
1629857755389 28.297548023323206 16
1629857767092 31.30847566781478 17
1629857778640 32.99081841419846 18
1629857789911 31.733082017541488 19
1629857801794 43.03662076744243 20
1629857825213 32.63648537908804 21
1629857836678 21.852658295701723 22
1629857847675 38.514385902432004 23
1629857858483 32.13538045998751 24
1629857868919 39.030356490971016 25
1629857891938 34.444492820398 26
1629857903349 40.42213090951621 27
1629857914639 47.06297224773284 28
1629857925676 41.42202359287552 29
1629857936811 43.3096382853217 30
1629857959998 40.97849459977866 31
1629857971322 37.39133739505483 32
1629857982992 37.72195987121233 33
1629857993886 31.07208336557447 34
1629858005449 43.740995303129644 35
1629858028898 44.23128582686516 36
1629858040003 43.8956065437246 37
1629858051116 42.898637997419385 38
1629858063137 43.814379291060064 39
1629858074566 42.07016833364937 40
1629858097991 68.98983699806617 41
1629858109641 50.883975895888 42
1629858121392 53.651735744379515 43
1629858132961 44.8251240323392 44
1629858144158 49.19615428174203 45
1629858168166 41.15329261228996 46
1629858180162 47.8440375659283 47
1629858192543 50.44933513427995 48
1629858204228 36.947211780439396 49
1629858215466 51.25146521394911 50
1629858239331 44.218487028361345 51
1629858250756 48.97779358380806 52
1629858261651 45.168364729222255 53
1629858273310 47.847185548935364 54
1629858284217 46.59356789453078 55
1629858308058 46.077320218069104 56
1629858318983 35.712529769911605 57
1629858330394 43.042152586417586 58
1629858340836 60.68812521656969 59
1629858352908 43.63420541401226 60
1629858376560 49.815463080579356 61
1629858387434 40.34177726946028 62
1629858399083 60.63205799955879 63
1629858410546 52.656929085258334 64
1629858422306 39.11796887022157 65
1629858446374 41.60829535493799 66
1629858458007 36.68916144880253 67
1629858469538 57.78021120116039 68
1629858480993 46.895267983079776 69
1629858492447 50.606680262803614 70
1629858516850 49.36918366915909 71
1629858528493 50.11122415263421 72
1629858540104 57.405600806337645 73
1629858551913 56.352485031295274 74
1629858563776 54.0867694738804 75
