1630146629329 0.802314171552658 1
1630147346832 0.6042405819892883 2
1630148060355 0.5291589708328247 3
1630148788638 0.5060745494365689 4
1630149513927 0.5207609219551084 5
1630150271503 0.5159727139472963 6
1630150993431 0.4989508497714998 7
1630151721897 0.5098553576469422 8
1630152445000 0.48726001071929914 9
1630153170077 0.4804293930530548 10
1630153936622 0.48289446651935575 11
1630154665957 0.45432812011241913 12
1630155400365 0.47702441012859337 13
1630156126599 0.504837896704674 14
1630156848543 0.5245419092178344 15
1630157610835 0.48485228610038744 16
1630158337432 0.4486896752119063 17
1630159066570 0.43722737908363324 18
1630159787731 0.4543123222589494 19
1630160512121 0.45594934868812564 20
1630161280056 0.46116550040245047 21
1630162002963 0.44168396878242494 22
1630162728157 0.4867563953399658 23
1630163445083 0.47212665915489194 24
1630164167786 0.44566693830490106 25
1630164932635 0.4623285586833953 26
1630165655143 0.4287701883316042 27
1630166378575 0.41904880595207217 28
1630167108348 0.444351187825203 29
1630167833891 0.4324465354681016 30
1630168598949 0.4041446471214294 31
1630169324344 0.4308617119789123 32
1630170051471 0.4283463025093079 33
1630170774356 0.4446425243616105 34
1630171507212 0.4065572695732116 35
1630172275340 0.4277473638057709 36
1630172994869 0.4358920153379442 37
1630173716849 0.4046389378309251 38
1630174437943 0.40272820162773143 39
1630175171200 0.44313021087646487 40
1630175936218 0.4133659212589265 41
1630176658773 0.4147865159511566 42
1630177388788 0.3843969317674638 43
1630178113459 0.4345579406023025 44
1630178843499 0.37864565157890323 45
1630179611669 0.4077568995952607 46
1630180335853 0.41934691357612625 47
1630181056652 0.4270412505865097 48
1630181781950 0.40962978470325473 49
1630182508375 0.38011188650131233 50
