1630146629334 36.77554060528753 1
1630147346838 45.92186384218716 2
1630148060359 51.72435644944675 3
1630148788641 52.9404396266533 4
1630149513931 52.77893907373723 5
1630150271508 53.91201261111244 6
1630150993434 54.26705768682957 7
1630151721901 54.06979937911308 8
1630152445003 55.124100894969686 9
1630153170080 54.99910070184083 10
1630153936626 54.78616088547129 11
1630154665961 56.43284537009621 12
1630155400369 55.49958381514909 13
1630156126602 54.67654405078125 14
1630156848547 54.074971927802885 15
1630157610839 54.95801827585501 16
1630158337436 57.20986000286985 17
1630159066574 58.296830822851184 18
1630159787734 56.64709912771707 19
1630160512123 57.188060433875144 20
1630161280060 56.48555721519698 21
1630162002967 57.18489701592937 22
1630162728159 54.501020647247124 23
1630163445086 56.86058846795255 24
1630164167790 56.796166670651246 25
1630164932639 55.70421037010333 26
1630165655147 58.068098096895625 27
1630166378579 57.992362185383584 28
1630167108352 57.73155099872665 29
1630167833895 58.15744159146814 30
1630168598953 59.041575308592385 31
1630169324346 58.169946643111814 32
1630170051475 58.49406778393508 33
1630170774360 57.998939409254206 34
1630171507216 58.563491735548126 35
1630172275344 58.23243481241656 36
1630172994873 57.602355004738946 37
1630173716853 59.62229172762876 38
1630174437947 58.88073492831059 39
1630175171204 57.158754692689854 40
1630175936222 58.719772330324346 41
1630176658777 58.886365017281875 42
1630177388791 60.98620023977184 43
1630178113462 57.95206041004698 44
1630178843503 60.85634213224244 45
1630179611673 59.81030899840356 46
1630180335857 59.07906048050465 47
1630181056655 58.17961177392482 48
1630181781953 58.42849507318311 49
1630182508379 60.85069364242939 50
