1630581710859 53.25359305545544 1
1630583061819 61.11194466904788 2
1630584424177 62.78256653108569 3
1630585775859 62.55938524990176 4
1630587124399 63.65767923957657 5
1630588605889 62.06923298345597 6
1630589978947 63.436028719853724 7
1630591332874 62.769679949855885 8
1630592689777 64.60946071683395 9
1630594043783 65.04782130070662 10
1630595530728 65.5755113331666 11
1630596885446 65.50386143874232 12
1630598248235 65.98428314987703 13
1630599606146 66.88058611911593 14
1630600970158 65.79125925823975 15
1630602455645 67.036455578318 16
1630603810936 68.37938913363637 17
1630605182561 68.28346653918396 18
1630606548126 68.11186489938832 19
1630607905298 68.38676067138577 20
1630609401644 68.83002012771809 21
1630610751959 67.34776275564973 22
1630612109804 68.00060307365052 23
1630613467790 68.40763333804041 24
1630614835612 68.70499793384343 25
1630616320888 67.3555728001258 26
1630617683965 68.16300095004338 27
1630619039848 69.5628611533326 28
1630620398017 70.7001664393387 29
1630621757864 69.13296337491491 30
1630623251840 70.0269200903713 31
1630624617103 69.45142753069688 32
1630625958711 69.89852583867145 33
1630627320164 68.86310687694298 34
1630628688908 70.50211802078876 35
1630630185123 70.45782098551375 36
1630631549479 71.31442529742162 37
1630632912988 71.87562625206068 38
1630634277496 70.28385747806244 39
1630635645582 70.58024514531063 40
1630637134049 70.32992775298037 41
1630638489485 70.13844046264879 42
1630639839727 72.0691143359327 43
1630641196505 72.3609843924178 44
1630642564842 72.0066480183296 45
1630644061880 71.44000050094475 46
1630645424970 72.71681394041484 47
1630646774360 70.44479547241458 48
1630648129958 73.00605678330447 49
1630649491804 72.33158356762611 50
