1629855130891 15.742678097734656 1
1629855141214 18.17206492035038 2
1629855159458 24.922179919151247 3
1629855170939 26.54093203042189 4
1629855181652 19.58234361236995 5
1629855214938 26.05312789229421 6
1629855226230 26.527055971102982 7
1629855237381 25.696345691620415 8
1629855248359 21.742313347710247 9
1629855259480 20.365139944539017 10
1629855281788 29.75590470308061 11
1629855292814 36.39292857666506 12
1629855303627 35.03675651036684 13
1629855315108 35.415719183325734 14
1629855326445 40.782286240310135 15
1629855349316 35.39800073339466 16
1629855360467 34.51265138388624 17
1629855371673 33.976447052239365 18
1629855382996 40.99924327268694 19
1629855394180 34.96723600675798 20
1629855417654 46.26816671719115 21
1629855429451 42.89689279459465 22
1629855440781 36.621346896164766 23
1629855452261 27.221352167649748 24
1629855463943 43.326325021559285 25
1629855486809 33.25346763409382 26
1629855498015 42.38820660551394 27
1629855509541 32.46155123708867 28
1629855520369 39.25672911592484 29
1629855531886 46.25629989878918 30
1629855555470 47.543410257214155 31
1629855566509 54.69851622761508 32
1629855577605 46.5272022238235 33
1629855588531 45.12800446922819 34
1629855599597 51.962324198765764 35
