1630510865800 54.57190639530349 1
1630512212108 60.858680352368445 2
1630513573057 62.10139754442229 3
1630514942237 63.46168996849274 4
1630516300308 64.33078900594023 5
1630517791364 62.74065697793893 6
1630519139359 62.77820314654819 7
1630520498731 64.74521428856598 8
1630521862907 64.84897028499348 9
1630523236237 66.35064252267824 10
1630524726724 64.34382237698595 11
1630526079217 64.48802236982775 12
1630527437730 65.41091838005596 13
1630528793410 65.29207388811965 14
1630530150764 65.30901299710834 15
1630531628601 64.46708037803604 16
1630532991165 67.27604661692628 17
1630534334429 67.07380915234683 18
1630535678408 66.39766174632041 19
1630537044496 68.5765249530232 20
1630538531586 68.88787292989565 21
1630539896901 67.99040045281225 22
1630541258821 67.3471096444048 23
1630542612869 68.90462705433968 24
1630543970314 68.79790843262047 25
1630545457345 69.94248809179318 26
1630546820286 68.97335806898404 27
1630548182067 68.99513835721336 28
1630549542478 67.97826701334068 29
1630550908335 69.08921329361232 30
1630552379028 68.68290805648944 31
1630553742835 69.55841272949355 32
1630555115870 68.7606297029993 33
1630556471273 69.51011873066896 34
1630557832961 68.90137330658335 35
1630559308030 70.22759192418626 36
1630560670854 71.53679684322204 37
1630562036173 69.27241171300587 38
1630563389775 70.02276586553798 39
1630564755271 71.10277750428659 40
1630566255357 71.20488222897158 41
1630567617872 70.95286996672725 42
1630568977593 73.28958212500757 43
1630570346552 70.09164213215551 44
1630571688844 70.58699432718943 45
1630573181353 72.23871651124632 46
1630574537846 71.52192296903141 47
1630575909194 71.51231083911736 48
1630577268103 72.49808152844564 49
1630578628305 72.10327449606126 50
