1630444128301 10.663971891927428 1
1630444145034 18.701299027472345 2
1630444161844 19.607999672083057 3
1630444178916 21.90443597572757 4
1630444196280 22.147771640034115 5
1630444212772 26.508911772990224 6
1630444229623 24.26290314995276 7
1630444246949 23.295121045523665 8
1630444263880 23.08015174146889 9
1630444280558 25.652845193172812 10
1630444297203 29.983409959259316 11
1630444314630 32.30211328031771 12
1630444332337 38.570406054468556 13
1630444349287 37.03229206066006 14
1630444366312 33.760377994406795 15
1630444383079 43.98116042000459 16
1630444400272 45.725700636239395 17
1630444417531 46.23281064778986 18
1630444434360 43.80399768390147 19
1630444451283 34.675599317876674 20
