1630015479142 35.3713925299231 1
1630016190297 45.237306463812075 2
1630016906018 49.478454342046724 3
1630017619512 49.91858261354579 4
1630018334889 50.74896663153632 5
1630019090666 52.03770820776362 6
1630019809209 52.74362266458302 7
1630020522539 50.940895570835565 8
1630021233074 53.98454174662469 9
1630021948174 53.903123610239575 10
1630022696425 53.92201769251673 11
1630023415163 54.65036962479638 12
1630024131186 55.157611468346055 13
1630024847921 54.84856757911406 14
1630025565969 56.08939884305498 15
1630026315438 54.973798049976374 16
1630027035015 55.54526216699273 17
1630027746512 53.84668392934104 18
1630028461288 54.1150070033671 19
1630029178993 55.6464348263508 20
1630029937082 56.052792720907895 21
1630030657701 56.86710952174053 22
1630031373413 57.46340812724654 23
1630032088659 56.799329383970985 24
1630032800319 57.13485405603939 25
