1629859199296 10.22969490840028 1
1629859209649 20.86597517044164 2
1629859220135 21.01932739556375 3
1629859231201 20.923709201353695 4
1629859242664 25.367947632225025 5
1629859275640 26.53305836187086 6
1629859286581 21.320849292274108 7
1629859297347 25.128180514572442 8
1629859308303 24.37132482165481 9
1629859319083 29.91222269702703 10
1629859341924 32.21350656674461 11
1629859352483 37.231627443417636 12
1629859363482 28.434074131071167 13
1629859374116 23.28928249621181 14
1629859384834 24.690317694089934 15
1629859407303 28.744396907786683 16
1629859419154 25.3446287576799 17
1629859430889 30.576378088946637 18
1629859442399 34.953943348904396 19
1629859453773 39.96199103067075 20
1629859476971 30.5655140573181 21
1629859488161 39.60845617023824 22
1629859499389 37.78194822551396 23
1629859510513 30.144729628046385 24
1629859521705 37.771716351302494 25
1629859545034 32.94041695291069 26
1629859555912 39.4910833375025 27
1629859566667 32.69336959215053 28
1629859577791 36.34825801631326 29
1629859588908 35.59911584704985 30
1629859612257 30.243936409794543 31
1629859623432 45.60261906749529 32
1629859634710 33.16969227322939 33
1629859645879 37.97463400039731 34
1629859657092 34.81524166561846 35
1629859681060 32.338386135810566 36
1629859692379 46.26959012771594 37
1629859703835 41.99775559515034 38
1629859715149 40.05410952223987 39
1629859727287 43.80748009115796 40
1629859751187 46.99607275499616 41
1629859762379 47.01220573425763 42
1629859773919 53.77436312155357 43
1629859785216 49.94271201390204 44
1629859796771 38.5452688218037 45
1629859820174 45.415929332812475 46
1629859832228 36.412962565588174 47
1629859844400 45.60678501480133 48
1629859855736 44.50457939166561 49
1629859867154 45.606512749150404 50
1629859891080 45.23428511948893 51
1629859902696 48.180762481424196 52
1629859914191 59.10268817134838 53
1629859926434 31.751051592242955 54
1629859937862 46.95822787081925 55
1629859961647 53.3590587404713 56
1629859973098 44.34348738687217 57
1629859984927 44.87457087621328 58
1629859996916 39.831012987694386 59
1629860008178 43.048535269813755 60
1629860032131 54.14518142414389 61
1629860043617 50.622354004497126 62
1629860055402 59.52723267736134 63
1629860067054 47.53201353537309 64
1629860078809 54.657186799048205 65
1629860103219 47.49977919722017 66
1629860114559 45.331552768986114 67
1629860126287 53.47547077242175 68
1629860138582 45.53199839478717 69
1629860150075 48.03486035547123 70
1629860173594 48.814907120106724 71
1629860185616 58.03351888766398 72
1629860197231 46.178064403504486 73
1629860208778 64.6234430125686 74
1629860220744 45.2155803352822 75
1629860245629 45.49586041381444 76
1629860257710 50.094747692241306 77
1629860270840 53.909730402517816 78
1629860282662 54.63004353164117 79
1629860294717 54.97375291390399 80
1629860319854 50.75092816204088 81
1629860331975 58.79817700551256 82
1629860344453 63.03596988837425 83
1629860356883 45.29475455891325 84
1629860369289 52.82873978215531 85
1629860394601 43.316259784361755 86
1629860406764 51.499536236285934 87
1629860419396 47.934496700670195 88
1629860431081 57.02431494286119 89
1629860443360 60.529529911950206 90
1629860467974 53.301402936630446 91
1629860480390 49.71442633395253 92
1629860492256 58.80640560846828 93
1629860504000 60.60419081467992 94
1629860516101 62.95746549735475 95
1629860539924 52.90385159545604 96
1629860551223 53.34322381052379 97
1629860562635 56.43033783692898 98
1629860573665 56.22286069681578 99
1629860585550 71.65317531436004 100
