1630510865799 81.98622976748547 1
1630512212106 86.15178600121938 2
1630513573056 87.25742975041021 3
1630514942236 87.660534722201 4
1630516300307 87.6166574459148 5
1630517791363 86.88020187167652 6
1630519139358 86.70015618371613 7
1630520498730 87.80805827564703 8
1630521862906 87.4717392361476 9
1630523236235 87.86827787846437 10
1630524726723 87.30042671206934 11
1630526079216 87.64525636106038 12
1630527437729 88.04553784281214 13
1630528793409 87.69775182642647 14
1630530150763 87.58796996473784 15
1630531628600 87.25222788647949 16
1630532991164 88.06665341923969 17
1630534334428 87.78056628811287 18
1630535678407 87.4509164484435 19
1630537044495 88.54802141360445 20
1630538531585 88.33796076939612 21
1630539896900 88.06170615275659 22
1630541258820 87.30940158228465 23
1630542612868 88.26194533729289 24
1630543970312 88.1923957234078 25
1630545457344 88.43040288216393 26
1630546820285 88.63924223429447 27
1630548182066 88.31228755112048 28
1630549542477 88.0399091940271 29
1630550908333 88.57422703864404 30
1630552379027 88.35132497533176 31
1630553742834 88.09859004546247 32
1630555115869 88.6493972834239 33
1630556471272 88.09102021996844 34
1630557832960 87.93106223364475 35
1630559308029 88.14220901305103 36
1630560670853 88.75355991593953 37
1630562036172 88.22647743964353 38
1630563389774 88.31108556319444 39
1630564755269 88.3584496214119 40
1630566255356 88.91671026566323 41
1630567617870 89.17155128647175 42
1630568977591 89.24517540216519 43
1630570346550 88.65871907748628 44
1630571688843 88.02417067612197 45
1630573181352 88.91568595125864 46
1630574537845 88.89987410151502 47
1630575909193 88.8998944483925 48
1630577268103 88.67964014692765 49
1630578628303 88.77052042336175 50
