1630035135426 70.69913143679808 1
1630035844686 79.23416250450637 2
1630036552371 81.02012581620653 3
1630037257170 81.55174514983284 4
1630037971649 81.66483024684663 5
1630038729157 81.09017152215903 6
1630039441428 82.18394725736798 7
1630040156040 81.59846813710058 8
1630040869224 82.32857922696758 9
1630041580270 81.88629413655356 10
1630042334834 83.50829457731676 11
1630043051137 82.31375846249126 12
1630043766290 81.218737711933 13
1630044477102 82.83622750312904 14
1630045195794 83.06298381044664 15
1630045946961 82.92010620493882 16
1630046660408 83.9990846116683 17
1630047372234 83.19875701768889 18
1630048091050 83.14300885559597 19
1630048805730 83.17062152993368 20
1630049558794 83.26894857642453 21
1630050270838 83.39050242993495 22
1630050994873 83.84677909242741 23
1630051708967 83.33532015079945 24
1630052423023 82.33224144865865 25
1630053177302 84.4710842462838 26
1630053898791 83.18707298884404 27
1630054617641 84.25128335780897 28
1630055337849 84.1502087920209 29
1630056053947 83.04495879693708 30
1630056807101 83.84633841701499 31
1630057524200 84.16321399922263 32
1630058233527 84.80054555910628 33
1630058947935 83.71295055101714 34
1630059661660 82.89073777746258 35
1630060418623 85.04153536203553 36
1630061128760 84.3496409603092 37
1630061845989 85.25546579507977 38
1630062553160 84.85278099046289 39
1630063269570 84.34436123272309 40
