1630035135428 36.02371021206452 1
1630035844687 46.88012890018033 2
1630036552374 48.971554557675326 3
1630037257172 50.688781908661774 4
1630037971653 51.76730762910512 5
1630038729159 52.3094991195276 6
1630039441430 53.18168533456864 7
1630040156042 52.347812869497425 8
1630040869226 54.618567156630384 9
1630041580273 52.54973190988375 10
1630042334837 55.236341790795265 11
1630043051139 52.84070824836652 12
1630043766292 52.661445058311266 13
1630044477104 54.010247875789716 14
1630045195797 54.45782675563849 15
1630045946963 55.13260058011018 16
1630046660410 55.93044266961068 17
1630047372237 55.66941434088106 18
1630048091051 55.433207678209065 19
1630048805733 55.68607891759275 20
1630049558796 55.53204691157724 21
1630050270841 55.888105422731435 22
1630050994874 56.844982527931286 23
1630051708970 55.633860606108435 24
1630052423025 54.247322311349365 25
1630053177304 57.98416897801994 26
1630053898793 55.62137759287701 27
1630054617644 57.3016808668327 28
1630055337852 57.067927030024414 29
1630056053949 55.19713571972792 30
1630056807102 56.8876513109147 31
1630057524202 57.335110667911536 32
1630058233529 57.630479788736956 33
1630058947937 56.66647024307684 34
1630059661663 55.27280396880272 35
1630060418625 58.399803648599935 36
1630061128762 57.72843978561896 37
1630061845990 59.02282029315654 38
1630062553162 57.66484606367711 39
1630063269572 56.06395366400365 40
