1630581710855 0.5120695414543153 1
1630583061817 0.38091418325901044 2
1630584424174 0.3487278451919554 3
1630585775857 0.3533334809541701 4
1630587124397 0.33609624874591837 5
1630588605886 0.36312842249870286 6
1630589978945 0.33379114389419556 7
1630591332871 0.3506749994754792 8
1630592689774 0.3251751137971877 9
1630594043780 0.32913992285728455 10
1630595530725 0.34729116570949536 11
1630596885443 0.33203063237667074 12
1630598248232 0.3217671092748642 13
1630599606143 0.3210390214920045 14
1630600970155 0.33595946323871595 15
1630602455642 0.32943222892284396 16
1630603810933 0.3083905533552172 17
1630605182558 0.33312438523769383 18
1630606548123 0.32415208745002755 19
1630607905295 0.31947126317024255 20
1630609401625 0.3136627572774888 21
1630610751956 0.3359389909505845 22
1630612109801 0.3118021702766417 23
1630613467788 0.32449181973934166 24
1630614835608 0.32427551913261426 25
1630616320885 0.3393931266069413 26
1630617683962 0.32379862523078917 27
1630619039845 0.3033410904407501 28
1630620398014 0.3092106446027754 29
1630621757861 0.3192584713697435 30
1630623251837 0.31460133302211757 31
1630624617100 0.3105190936326982 32
1630625958708 0.3125400654077531 33
1630627320161 0.315218271970749 34
1630628688905 0.3052081645727157 35
1630630185120 0.3101649142503738 36
1630631549476 0.3143966575860978 37
1630632912985 0.2984287656545638 38
1630634277493 0.3013046061992645 39
1630635645579 0.31665139925479885 40
1630637134046 0.3019828754663467 41
1630638489482 0.31654041838645947 42
1630639839724 0.30470679819583896 43
1630641196503 0.2915709571838379 44
1630642564840 0.31005312573909766 45
1630644061877 0.3006272326707841 46
1630645424967 0.2883989741802216 47
1630646774357 0.3237922575473786 48
1630648129955 0.28914448940753956 49
1630649491801 0.2920226608514785 50
