1630015479139 70.73554273176495 1
1630016190294 77.91455094508444 2
1630016906014 80.2448012154236 3
1630017619509 80.47631071717124 4
1630018334887 80.58062824858757 5
1630019090663 81.17832521104611 6
1630019809207 82.01771288351476 7
1630020522536 80.43340058548218 8
1630021233071 82.51333291212421 9
1630021948172 82.65187611077485 10
1630022696423 82.90833036172673 11
1630023415160 84.01209555792394 12
1630024131184 83.04841863173473 13
1630024847919 82.96618972941063 14
1630025565966 83.54339042099554 15
1630026315435 82.88685568208729 16
1630027035013 83.81128952452758 17
1630027746509 82.33075072109062 18
1630028461286 82.39630174687655 19
1630029178991 83.34447101414072 20
1630029937079 83.73280445014616 21
1630030657699 84.04223920482688 22
1630031373411 84.44147796385148 23
1630032088656 83.65121662516982 24
1630032800317 84.0325823622249 25
