1629856255385 11.023682118810875 1
1629856265790 19.54584615422774 2
1629856276588 23.75978568217127 3
1629856287525 18.38780156223267 4
1629856298643 20.265573439319017 5
1629856330802 26.756427895908224 6
1629856341823 37.097139182233825 7
1629856352569 30.957923959259364 8
1629856364009 23.623021287220492 9
1629856375136 27.699805671147317 10
1629856397572 23.834957309844803 11
1629856408649 34.01458445226992 12
1629856419819 36.94901862798603 13
1629856430999 37.49051331668375 14
1629856441899 28.713753312625105 15
1629856464104 24.91246484432219 16
1629856474997 35.82772233179289 17
1629856486406 27.3276661849163 18
1629856496720 36.426683128040516 19
1629856507094 30.94187871966675 20
1629856529839 38.183634389597756 21
1629856540476 31.26878198162597 22
1629856551687 38.99754579327816 23
1629856562556 44.68374583179446 24
1629856573161 49.810014889702074 25
1629856594902 43.3840129233746 26
1629856605775 41.34494648292562 27
1629856616890 47.390980202486546 28
1629856627693 41.286168109764446 29
1629856638519 40.31136193208235 30
1629856661437 51.469339581039755 31
1629856672428 40.25800742260766 32
1629856683410 40.22653180910077 33
1629856694349 37.84835949255746 34
1629856706015 48.69268256706093 35
1629856728960 45.85578832387684 36
1629856739934 39.649640809614034 37
1629856750406 53.34955098799329 38
1629856761635 61.649518250615124 39
1629856774051 40.097103921277 40
1629856797244 49.050569991476735 41
1629856808622 42.27041043849681 42
1629856820479 53.808884560513235 43
1629856831718 43.78994184524373 44
1629856842965 37.204820554955816 45
1629856865935 42.22834618793389 46
1629856877220 51.92472192814935 47
1629856888538 46.92488265482229 48
1629856899954 53.26167794054727 49
1629856911102 44.20098981439332 50
