1630146629333 45.3329130032145 1
1630147346835 54.09802955631147 2
1630148060357 59.518338482234526 3
1630148788640 61.19098651281858 4
1630149513930 61.45870067050502 5
1630150271505 61.922460977829395 6
1630150993433 62.50220077378997 7
1630151721899 61.92024121205255 8
1630152445002 63.069227123208115 9
1630153170080 63.440300251982116 10
1630153936625 63.305860605804334 11
1630154665960 64.5481019293192 12
1630155400367 63.74952767393752 13
1630156126601 63.02549167335382 14
1630156848545 62.384923328461994 15
1630157610838 62.81214510801358 16
1630158337435 65.92383906805796 17
1630159066573 65.82571915270253 18
1630159787733 64.8157920632585 19
1630160512122 65.36861504068466 20
1630161280059 64.21646102287839 21
1630162002966 64.72110930495936 22
1630162728159 63.08288345063732 23
1630163445085 64.55719523705116 24
1630164167789 65.14823406101777 25
1630164932638 63.51751084467949 26
1630165655146 65.87212740926434 27
1630166378578 66.01026999671006 28
1630167108351 66.18439294205922 29
1630167833894 66.04529478204535 30
1630168598952 67.03256372949585 31
1630169324346 65.78899816522872 32
1630170051473 66.09291810161923 33
1630170774358 65.78920420999872 34
1630171507215 66.26636161797326 35
1630172275343 66.17680848070752 36
1630172994871 65.58250527691656 37
1630173716852 67.2100847083282 38
1630174437946 66.33436295077864 39
1630175171203 65.38748119189295 40
1630175936221 66.73881520624325 41
1630176658776 66.51338140220594 42
1630177388790 68.69872776825703 43
1630178113461 65.65995856924415 44
1630178843502 68.7138792723454 45
1630179611672 67.17219081532144 46
1630180335856 66.78225825451995 47
1630181056654 65.9727442796365 48
1630181781952 65.99640565283275 49
1630182508377 68.27374483685948 50
