1630420051643 21.2883336037644 1
1630420060948 37.4122673176686 2
1630420070411 70.18227706113292 3
1630420080321 58.73069936421436 4
1630420089369 62.910768048171164 5
1630420099751 52.04119297209508 6
1630420110167 64.8600143575018 7
1630420120220 48.73967639925087 8
1630420129900 68.71301065293196 9
1630420139371 52.82136350039431 10
1630420149117 63.12128264804758 11
1630420158637 55.64622552584094 12
1630420168135 76.43676548958011 13
1630420177492 59.821182599113435 14
1630420187188 65.35920826578267 15
1630420196704 72.09452063614707 16
1630420205982 58.44254118941974 17
1630420215039 62.86138380056 18
1630420224979 81.55853202875146 19
1630420234156 89.03323869339528 20
1630420244020 75.88844062445185 21
1630420254695 72.07860213868372 22
1630420264373 77.43829583859625 23
1630420274083 74.94059876445431 24
1630420284793 61.09591312277212 25
