1629862652871 41.77249350998407 1
1629863205393 43.04901106340974 2
1629863744460 47.05642186839647 3
1629864282520 42.7840058037777 4
1629864814596 14.285714285714285 5
1629866063368 14.285714285714285 6
1629866715412 14.285714285714285 7
1629867370892 14.285714285714285 8
1629868009875 14.285714285714285 9
1629868642841 14.285714285714285 10
1629869516818 14.285714285714285 11
1629870169561 14.285714285714285 12
1629870800010 14.285714285714285 13
1629871455323 14.285714285714285 14
1629872098431 14.285714285714285 15
1629873040219 14.285714285714285 16
1629873711894 14.285714285714285 17
1629874411734 14.285714285714285 18
1629875115015 14.285714285714285 19
1629875818188 14.285714285714285 20
1629876781606 14.285714285714285 21
1629877542982 14.285714285714285 22
1629878390928 14.285714285714285 23
1629879259695 14.285714285714285 24
1629880202317 14.285714285714285 25
1629881342622 14.285714285714285 26
1629882220849 14.285714285714285 27
1629883083213 14.285714285714285 28
1629884038048 14.285714285714285 29
1629885069931 14.285714285714285 30
1629886362393 14.285714285714285 31
1629887298896 14.285714285714285 32
1629888238569 14.285714285714285 33
1629889220844 14.285714285714285 34
1629890164809 14.285714285714285 35
1629891651388 14.285714285714285 36
1629892637028 14.285714285714285 37
1629893607260 14.285714285714285 38
1629894657529 14.285714285714285 39
1629895747516 14.285714285714285 40
1629897073770 14.285714285714285 41
1629898008883 14.285714285714285 42
1629898902862 14.285714285714285 43
1629899810169 14.285714285714285 44
1629900714634 14.285714285714285 45
1629901939901 14.285714285714285 46
1629902890757 14.285714285714285 47
1629903775951 14.285714285714285 48
1629904396665 14.285714285714285 49
1629904956587 14.285714285714285 50
