1629859199295 19.57642750759287 1
1629859209648 32.94094612910634 2
1629859220134 33.576791032974924 3
1629859231200 30.98343070489878 4
1629859242663 34.76254442246686 5
1629859275639 35.85615305300408 6
1629859286580 32.78897641690903 7
1629859297346 37.75303605100169 8
1629859308302 39.53042274989393 9
1629859319082 40.58844231229529 10
1629859341923 41.99135984845622 11
1629859352482 50.091224274305404 12
1629859363481 39.79437750358017 13
1629859374115 37.98406765188717 14
1629859384834 35.293619824422926 15
1629859407302 43.949218442820076 16
1629859419153 37.09271079979283 17
1629859430888 41.992378502841326 18
1629859442399 43.2422499693547 19
1629859453772 51.61624124131252 20
1629859476971 45.24664159802755 21
1629859488160 54.661536148991686 22
1629859499389 46.960251249205584 23
1629859510512 47.04096338094082 24
1629859521704 50.10277132429609 25
1629859545033 48.488506857639415 26
1629859555912 47.82196709114846 27
1629859566666 46.61968203135874 28
1629859577790 47.85435878644542 29
1629859588907 47.75835988267407 30
1629859612257 46.223660250289285 31
1629859623431 56.72891913783993 32
1629859634709 50.26169775153597 33
1629859645878 49.64000422197902 34
1629859657091 48.3057980523692 35
1629859681060 47.419394319828584 36
1629859692379 58.355833001992906 37
1629859703834 49.729312094138834 38
1629859715149 51.14233414558548 39
1629859727286 56.428138471591915 40
1629859751187 65.19517108095695 41
1629859762378 57.94618751214477 42
1629859773918 63.88532366416996 43
1629859785215 67.80837699613798 44
1629859796770 54.39661969146048 45
1629859820174 53.754349562725544 46
1629859832228 48.431349001557635 47
1629859844399 56.23967637352229 48
1629859855735 56.44663238805908 49
1629859867153 58.34756426569954 50
1629859891079 59.926584976061356 51
1629859902695 58.11325371372293 52
1629859914191 79.18105300957116 53
1629859926432 47.658581821883956 54
1629859937861 64.59973530334089 55
1629859961646 69.93544257815368 56
1629859973097 54.14421999846962 57
1629859984926 55.7051351757715 58
1629859996916 52.79504005137351 59
1629860008177 56.97663571214843 60
1629860032130 59.233688677236685 61
1629860043616 63.680865595636504 62
1629860055402 65.6965641668129 63
1629860067053 62.19956392175041 64
1629860078808 71.14544481702765 65
1629860103218 58.35464280303471 66
1629860114558 62.16750840995427 67
1629860126286 73.71133793231958 68
1629860138581 59.91920273753932 69
1629860150074 66.40976466515237 70
1629860173593 58.15001443693644 71
1629860185615 68.21098041792372 72
1629860197230 57.8817272382003 73
1629860208777 79.26500312543627 74
1629860220743 60.006017224025385 75
1629860245628 62.634392879550425 76
1629860257710 58.335837506207135 77
1629860270839 67.4576557724295 78
1629860282662 67.61828924330744 79
1629860294716 68.43908991455388 80
1629860319853 76.97260825874523 81
1629860331974 73.86765199923559 82
1629860344452 72.76690242476683 83
1629860356883 68.13618724772532 84
1629860369288 65.48760166085721 85
1629860394600 65.74165173447145 86
1629860406763 58.27417424974388 87
1629860419395 61.574674133575755 88
1629860431080 69.76106202716826 89
1629860443360 78.15840372765088 90
1629860467973 65.3193689296138 91
1629860480389 59.19605435689984 92
1629860492255 75.31765898797235 93
1629860503999 69.29231913944155 94
1629860516100 73.64174558842444 95
1629860539923 62.224299114107055 96
1629860551222 65.30107749024398 97
1629860562634 68.24308150712642 98
1629860573665 67.36952589477029 99
1629860585549 81.9344186634207 100
