1630035135427 44.76436288151076 1
1630035844687 55.09025728340833 2
1630036552372 57.03852228676948 3
1630037257171 58.81836504817278 4
1630037971650 60.06106241676788 5
1630038729158 60.684477390518154 6
1630039441429 61.28781479125384 7
1630040156041 60.45656343526422 8
1630040869225 63.00003542228073 9
1630041580272 60.65784621140041 10
1630042334836 63.41842505854724 11
1630043051138 61.35075573570292 12
1630043766291 61.390502591513915 13
1630044477103 62.373550555270974 14
1630045195795 62.44586764826258 15
1630045946962 63.43873684220183 16
1630046660409 64.31616190667073 17
1630047372236 63.99648198970408 18
1630048091051 63.560863579385874 19
1630048805732 63.95788430564414 20
1630049558795 63.71506944645054 21
1630050270839 64.91652907643288 22
1630050994874 64.83800356813575 23
1630051708969 64.06940373700118 24
1630052423024 62.81889204043163 25
1630053177303 66.0148317366473 26
1630053898792 64.09283507968995 27
1630054617643 65.53167077963423 28
1630055337851 64.7947370316098 29
1630056053948 63.58951374850152 30
1630056807102 64.90501618628419 31
1630057524201 65.38389214931021 32
1630058233528 65.30706277227206 33
1630058947936 65.4043062117249 34
1630059661662 63.353892622854104 35
1630060418624 66.41224780754624 36
1630061128761 65.63507453540562 37
1630061845990 66.776338120478 38
1630062553161 65.78840185982632 39
1630063269571 64.68431802385271 40
