1630444128300 27.098827631431632 1
1630444145033 60.34344625338232 2
1630444161843 65.3560830860534 3
1630444178915 62.89038394966964 4
1630444196279 66.14525139664804 5
1630444212771 73.48161597821154 6
1630444229622 79.62165668956975 7
1630444246948 63.789108652621564 8
1630444263879 73.59709683129758 9
1630444280557 71.5307582260372 10
1630444297203 70.752055878095 11
1630444314629 71.37174660337207 12
1630444332336 78.11311406129319 13
1630444349286 73.81570507925842 14
1630444366311 72.74052478134111 15
1630444383078 74.60446883575068 16
1630444400271 77.54753778644564 17
1630444417530 79.30472244244665 18
1630444434359 77.2512315270936 19
1630444451283 74.63431605378995 20
