1630286577762 75.82229022512918 1
1630287641485 81.59751221053436 2
1630288713546 82.77008712828668 3
1630289781389 84.17685547304238 4
1630290847579 83.39704232440948 5
1630291978247 83.42512688486174 6
1630293052857 83.67838252705984 7
1630294135103 84.44763618846657 8
1630295209892 84.7814110058784 9
1630296285250 84.40711115147973 10
1630297414554 84.59004126403576 11
1630298489432 85.24901872181317 12
1630299568139 85.3545256389009 13
1630300650434 84.73697328849198 14
1630301726323 85.18480382233064 15
1630302862371 85.52776657689634 16
1630303941346 84.94313781028558 17
1630305021668 86.45189458355821 18
1630306100521 86.00583724801898 19
1630307170521 84.95979876633885 20
1630308303593 85.22099240305798 21
1630309382317 85.26766810716335 22
1630310452900 85.29835377655928 23
1630311534409 85.87171130941829 24
1630312610133 86.19394161712499 25
1630313746421 85.97405268086032 26
1630314825847 86.42596549871365 27
1630315903442 85.82051629944574 28
1630316980173 85.9334440343658 29
1630318058309 85.7227815321808 30
1630319199209 85.4072750220151 31
1630320273712 85.08469248627708 32
1630321350048 86.1207590540178 33
1630322426106 86.23865154407096 34
1630323498471 86.21594648006821 35
1630324633779 86.34324735655424 36
1630325720530 86.05733630620168 37
1630326789995 87.2558417961077 38
1630327860550 86.62525606950908 39
1630328937917 86.50726355044885 40
1630330086265 86.66748003237397 41
1630331170332 86.7285969428597 42
1630332254505 86.41087978724256 43
1630333329391 86.93513239393828 44
1630334403806 86.29574203820853 45
1630335543796 87.19953997984294 46
1630336618148 87.02563132055775 47
1630337694482 86.44078219008145 48
1630338776214 87.21610952971803 49
1630339847308 86.22388577837515 50
