1630035135424 0.8427275896072387 1
1630035844685 0.5927019982337952 2
1630036552369 0.547617182254791 3
1630037257168 0.540967378139496 4
1630037971648 0.5260499541759492 5
1630038729155 0.5391556804180146 6
1630039441426 0.5054073007106779 7
1630040156039 0.5254890700578694 8
1630040869223 0.5113640887737273 9
1630041580269 0.521384683847427 10
1630042334833 0.48763018250465395 11
1630043051136 0.5104165461063385 12
1630043766289 0.5346371541023254 13
1630044477100 0.49608870530128474 14
1630045195793 0.48841976976394647 15
1630045946959 0.48041004061698916 16
1630046660406 0.4633583765029907 17
1630047372233 0.4798328998088835 18
1630048091049 0.4977840046882629 19
1630048805729 0.48189464342594146 20
1630049558792 0.4912859584093092 21
1630050270836 0.490437459588051 22
1630050994872 0.4650288821458816 23
1630051708966 0.4679445998668672 24
1630052423021 0.5156406588554381 25
1630053177300 0.43880697989463796 26
1630053898790 0.48498508763313286 27
1630054617640 0.45590998232364655 28
1630055337848 0.46390030479431144 29
1630056053945 0.4858359190225601 30
1630056807099 0.45861392140388485 31
1630057524198 0.4567463419437408 32
1630058233525 0.4325267049074174 33
1630058947933 0.46548174762725836 34
1630059661659 0.5027027187347411 35
1630060418622 0.4210142381191254 36
1630061128758 0.4467505683898924 37
1630061845988 0.42291265988349913 38
1630062553159 0.4422977353334426 39
1630063269568 0.46107420694828005 40
