1630286577764 36.07164074779646 1
1630287641488 46.76496147834722 2
1630288713549 49.75412761118626 3
1630289781392 51.46351890498615 4
1630290847582 51.26991307359315 5
1630291978250 50.21361954070625 6
1630293052859 51.959961622408535 7
1630294135105 53.97755068365429 8
1630295209894 53.25702619241668 9
1630296285252 54.03074612328448 10
1630297414557 55.31493481725897 11
1630298489437 56.42116940564432 12
1630299568141 56.42149525942164 13
1630300650437 55.93473526149446 14
1630301726325 55.7224495503305 15
1630302862373 55.77647842991544 16
1630303941349 56.440206903787406 17
1630305021670 57.95261793499636 18
1630306100523 57.28062380226524 19
1630307170523 56.75843990199348 20
1630308303596 56.87222807700395 21
1630309382319 57.23105901726514 22
1630310452901 57.34996885917456 23
1630311534412 58.36122682054109 24
1630312610136 59.02009830398383 25
1630313746423 57.83428298528379 26
1630314825850 58.63907641595828 27
1630315903443 58.96175570690053 28
1630316980176 58.56289646170756 29
1630318058312 57.45275888057917 30
1630319199212 58.43689394544952 31
1630320273714 58.97639314807309 32
1630321350051 60.224096996357346 33
1630322426108 59.65829496439522 34
1630323498472 59.250171874772576 35
1630324633781 60.78710164208745 36
1630325720532 60.26237323739717 37
1630326789998 62.22697692140936 38
1630327860553 60.68623955990267 39
1630328937919 61.12843415439085 40
1630330086267 60.819520281379184 41
1630331170334 61.24473598847408 42
1630332254507 60.296667886299915 43
1630333329393 61.72282781326564 44
1630334403808 60.48925786667071 45
1630335543798 61.07045259496749 46
1630336618150 60.980164318540844 47
1630337694485 61.48066734663266 48
1630338776216 62.45999745148738 49
1630339847310 61.09743383171444 50
