1629856255383 28.5285759393748 1
1629856265789 50.81944730165261 2
1629856276587 52.106646639128805 3
1629856287523 47.65998803827751 4
1629856298642 56.03598764603196 5
1629856330801 66.74025526043464 6
1629856341822 73.82008874546187 7
1629856352567 70.78686493184635 8
1629856364008 54.340772298318186 9
1629856375135 67.22344275006462 10
1629856397571 55.737983547487936 11
1629856408647 65.95099183197199 12
1629856419817 77.02414014099551 13
1629856430997 71.68885253216331 14
1629856441897 65.91131498470948 15
1629856464103 67.69859043604268 16
1629856474996 70.64826674379209 17
1629856486404 60.79023719079951 18
1629856496718 71.40366510402542 19
1629856507093 73.42728758169935 20
1629856529837 70.9132092149605 21
1629856540474 64.46241899626318 22
1629856551686 71.7962202136401 23
1629856562555 80.65535204167367 24
1629856573159 78.27271388602563 25
1629856594901 73.53048557867835 26
1629856605773 71.87961595273265 27
1629856616888 81.17781708459057 28
1629856627691 72.53442203009926 29
1629856638517 70.64188673484965 30
1629856661435 86.64019547953573 31
1629856672427 66.6532643112027 32
1629856683408 70.87832973362131 33
1629856694347 59.63037828472423 34
1629856706013 77.65168539325843 35
1629856728958 79.3658536585366 36
1629856739932 69.84090278420128 37
1629856750404 78.58996693568457 38
1629856761634 81.90645266475852 39
1629856774049 64.65014814573632 40
1629856797242 88.04490394259702 41
1629856808621 78.22044419919989 42
1629856820478 86.93013799901429 43
1629856831717 81.36920234255113 44
1629856842964 71.40381282495667 45
1629856865934 74.69181192958173 46
1629856877218 74.36053840836078 47
1629856888537 76.41403139788177 48
1629856899952 76.0748307846578 49
1629856911101 77.42683031499442 50
