1629862652873 32.02321962563969 1
1629863205394 34.256788002868056 2
1629863744461 38.29364499361876 3
1629864282521 33.88906156445447 4
1629864814597 4.495993627375433 5
1629866063370 4.1538482008988975 6
1629866715414 4.746147240150227 7
1629867370894 4.295422249604354 8
1629868009877 4.412418074097085 9
1629868642843 4.547003142480297 10
1629869516820 4.086150526532939 11
1629870169562 4.200687251330643 12
1629870800012 4.2863798949464575 13
1629871455325 4.479137919961184 14
1629872098433 4.269768903300445 15
1629873040221 4.046899644825045 16
1629873711896 4.330219767791055 17
1629874411737 4.300508877768928 18
1629875115017 4.447246351983008 19
1629875818191 4.087987914277781 20
1629876781608 4.352555266349595 21
1629877542984 4.3616496823487685 22
1629878390930 4.323983502687112 23
1629879259697 4.1270802074172765 24
1629880202319 4.373526985887648 25
1629881342625 3.970801451906172 26
1629882220851 4.5731432407506825 27
1629883083216 4.495316326324645 28
1629884038050 4.463990483135864 29
1629885069934 4.560744994053385 30
1629886362395 4.442632715540793 31
1629887298898 4.5570994419096404 32
1629888238571 4.30171391691583 33
1629889220846 4.28032151809078 34
1629890164811 4.42898884116159 35
1629891651391 4.24717731984774 36
1629892637030 4.498588749342102 37
1629893607262 4.985604281332399 38
1629894657531 4.426543659928802 39
1629895747518 4.5173018507831735 40
1629897073772 4.371180521515118 41
1629898008885 4.6976814466126555 42
1629898902864 4.687208549063234 43
1629899810171 4.4145356893268195 44
1629900714636 4.214801279091156 45
1629901939903 4.24252558528611 46
1629902890760 4.195160858087256 47
1629903775953 4.394959821035425 48
1629904396668 4.275341384451465 49
1629904956589 4.54847177809469 50
