1629857545145 1.7225311994552612 1
1629857555533 1.4284287691116333 2
1629857566612 1.4998880624771118 3
1629857578216 1.3445757627487183 4
1629857588927 1.10550919175148 5
1629857621882 0.8184321820735931 6
1629857632518 0.9230131804943085 7
1629857643309 1.7991859316825867 8
1629857654337 1.3959609866142273 9
1629857664644 1.132878601551056 10
1629857687348 1.2043444514274597 11
1629857698466 1.029811054468155 12
1629857709735 0.7599050998687744 13
1629857721026 1.1089458465576172 14
1629857732799 0.8452119529247284 15
1629857755386 1.2165859937667847 16
1629857767090 1.1205919682979584 17
1629857778638 1.0789920091629028 18
1629857789908 0.8879349529743195 19
1629857801792 0.7015032470226288 20
1629857825210 0.938261866569519 21
1629857836675 1.310189127922058 22
1629857847672 0.7657307088375092 23
1629857858481 1.0036478340625763 24
1629857868917 0.7907800227403641 25
1629857891935 0.9443043768405914 26
1629857903347 0.7977469563484192 27
1629857914637 0.6755713522434235 28
1629857925673 0.8820148706436157 29
1629857936808 0.7710875868797302 30
1629857959996 0.8615683317184448 31
1629857971320 0.9031076431274414 32
1629857982990 0.7547940909862518 33
1629857993883 0.9424649775028229 34
1629858005446 0.6315266191959381 35
1629858028896 0.7481737434864044 36
1629858040001 0.6878332793712616 37
1629858051113 0.6772878170013428 38
1629858063135 0.5702998340129852 39
1629858074564 0.8443476259708405 40
1629858097988 0.3634110391139984 41
1629858109638 0.5334816724061966 42
1629858121389 0.5237898975610733 43
1629858132958 0.6862006783485413 44
1629858144156 0.5071068108081818 45
1629858168163 0.7889853417873383 46
1629858180160 0.6436712145805359 47
1629858192540 0.4877518266439438 48
1629858204226 0.7296484112739563 49
1629858215464 0.47461678087711334 50
1629858239328 0.6406919062137604 51
1629858250753 0.8342866003513336 52
1629858261649 0.6498945951461792 53
1629858273308 0.9584493935108185 54
1629858284215 0.5465651899576187 55
1629858308055 0.730804979801178 56
1629858318980 1.061774119734764 57
1629858330392 0.868938758969307 58
1629858340833 0.5236215144395828 59
1629858352905 0.8635040819644928 60
1629858376558 0.5469470024108887 61
1629858387431 0.8542835414409637 62
1629858399080 0.5050501823425293 63
1629858410544 0.6659318506717682 64
1629858422304 0.990201860666275 65
1629858446371 0.7335870265960693 66
1629858458004 0.9481019675731659 67
1629858469535 0.5787165462970734 68
1629858480990 0.3634773790836334 69
1629858492445 0.5587165355682373 70
1629858516847 0.6065570414066315 71
1629858528490 0.538333386182785 72
1629858540102 0.48798321187496185 73
1629858551911 0.48729467391967773 74
1629858563774 0.3474436402320862 75
