1630420051642 1.844783902168274 1
1630420060947 1.643402099609375 2
1630420070410 0.9970282912254333 3
1630420080319 1.2821123003959656 4
1630420089368 1.0489108562469482 5
1630420099750 1.3198962807655334 6
1630420110166 0.9963521063327789 7
1630420120219 1.3241761028766632 8
1630420129899 0.926061600446701 9
1630420139370 1.186668187379837 10
1630420149116 1.07157501578331 11
1630420158635 1.106760561466217 12
1630420168134 0.7151553928852081 13
1630420177491 1.0573368668556213 14
1630420187187 1.0283435583114624 15
1630420196703 0.7802931666374207 16
1630420205981 1.0057494938373566 17
1630420215038 0.9937984943389893 18
1630420224978 0.6945877969264984 19
1630420234155 0.4896179884672165 20
1630420244019 0.7536954879760742 21
1630420254694 0.8210290372371674 22
1630420264372 0.6592801511287689 23
1630420274082 0.7609847187995911 24
1630420284792 0.8946891129016876 25
