1629859199293 1.8817852139472961 1
1629859209647 1.2147777080535889 2
1629859220133 1.4694424271583557 3
1629859231199 1.3746833205223083 4
1629859242661 1.075590193271637 5
1629859275637 0.9948051273822784 6
1629859286578 1.45387601852417 7
1629859297344 1.0800521075725555 8
1629859308300 1.075083315372467 9
1629859319080 1.034381091594696 10
1629859341921 0.9098086655139923 11
1629859352480 0.7894747257232666 12
1629859363479 1.0471153259277344 13
1629859374113 1.4779947996139526 14
1629859384832 1.1886229515075684 15
1629859407300 0.8693243861198425 16
1629859419152 1.1579392850399017 17
1629859430886 0.922754317522049 18
1629859442397 0.7040081024169922 19
1629859453770 0.7858298718929291 20
1629859476969 0.8687813580036163 21
1629859488158 0.610967606306076 22
1629859499387 0.8203624337911606 23
1629859510510 0.982252836227417 24
1629859521703 0.784066766500473 25
1629859545031 0.9818756878376007 26
1629859555910 0.6597213745117188 27
1629859566664 0.7896951138973236 28
1629859577788 0.9132655560970306 29
1629859588905 0.90285325050354 30
1629859612255 0.9174014031887054 31
1629859623429 0.6942833364009857 32
1629859634707 1.1134230494499207 33
1629859645877 0.8367119133472443 34
1629859657089 0.8273338377475739 35
1629859681058 0.9073571860790253 36
1629859692377 0.8214282393455505 37
1629859703833 0.7979765236377716 38
1629859715147 0.8939107358455658 39
1629859727284 0.8195593655109406 40
1629859751185 0.5390330702066422 41
1629859762376 0.7659524381160736 42
1629859773916 0.5982554703950882 43
1629859785213 0.5122208893299103 44
1629859796768 1.0105522871017456 45
1629859820172 0.6554245948791504 46
1629859832226 0.7711849510669708 47
1629859844397 0.575002521276474 48
1629859855734 0.7126401364803314 49
1629859867151 0.7219270467758179 50
1629859891077 0.6670330762863159 51
1629859902694 0.5842572152614594 52
1629859914189 0.5172246396541595 53
1629859926428 1.2045175433158875 54
1629859937859 0.6643707156181335 55
1629859961644 0.6087556481361389 56
1629859973095 0.509465828537941 57
1629859984924 0.7895736992359161 58
1629859996914 0.9499632120132446 59
1629860008175 1.002725213766098 60
1629860032128 0.45583443343639374 61
1629860043614 0.6063925325870514 62
1629860055400 0.4087322801351547 63
1629860067051 0.6967690140008926 64
1629860078806 0.39770565927028656 65
1629860103216 0.5545399785041809 66
1629860114556 0.788969874382019 67
1629860126285 0.4726879149675369 68
1629860138579 0.6398229002952576 69
1629860150072 0.709120124578476 70
1629860173591 0.5368313491344452 71
1629860185614 0.6092324256896973 72
1629860197228 0.7399376630783081 73
1629860208775 0.45002923905849457 74
1629860220741 0.7063234150409698 75
1629860245626 0.8081318140029907 76
1629860257708 0.5457376539707184 77
1629860270837 0.5432159304618835 78
1629860282660 0.3852218687534332 79
1629860294714 0.5061469227075577 80
1629860319851 0.41057249903678894 81
1629860331972 0.628919929265976 82
1629860344451 0.5324555039405823 83
1629860356881 0.6266979873180389 84
1629860369286 0.7276274561882019 85
1629860394598 0.7327181994915009 86
1629860406761 0.505319207906723 87
1629860419393 0.6160471737384796 88
1629860431079 0.6218702793121338 89
1629860443358 0.48449742794036865 90
1629860467971 0.665013313293457 91
1629860480388 0.5595792531967163 92
1629860492253 0.326288640499115 93
1629860503997 0.4678908437490463 94
1629860516098 0.6033714711666107 95
1629860539921 0.5273783504962921 96
1629860551220 0.6452546417713165 97
1629860562632 0.49090349674224854 98
1629860573663 0.604665070772171 99
1629860585547 0.3889272063970566 100
