1629857545147 16.791497594558308 1
1629857555535 28.622537308937453 2
1629857566614 34.19441217275144 3
1629857578218 30.184020190072943 4
1629857588929 35.30854355815864 5
1629857621884 43.72841631666459 6
1629857632520 41.1688478247139 7
1629857643311 25.92898188527356 8
1629857654338 37.83629516545212 9
1629857664646 39.145327367340926 10
1629857687350 31.59149327494321 11
1629857698468 43.63084664966906 12
1629857709737 44.52070852689612 13
1629857721028 38.874738099773616 14
1629857732801 57.38054331631136 15
1629857755388 46.45922325354472 16
1629857767092 45.80036750171383 17
1629857778640 48.86910664340226 18
1629857789910 49.71747264232415 19
1629857801794 53.41112368725225 20
1629857825212 46.11711373387598 21
1629857836677 42.101045396401005 22
1629857847674 50.073476764611435 23
1629857858483 43.804852028329535 24
1629857868919 54.80229647361765 25
1629857891937 54.417973378544396 26
1629857903349 53.70674086169679 27
1629857914639 56.7439548573253 28
1629857925675 54.74517695687536 29
1629857936810 56.026975874638985 30
1629857959998 51.10970382176036 31
1629857971321 49.4016080138019 32
1629857982991 54.56867126749611 33
1629857993885 51.343730030832624 34
1629858005448 57.111817167459854 35
1629858028898 57.498053613545274 36
1629858040002 55.37530186732887 37
1629858051115 57.28514676570473 38
1629858063136 62.4257602094513 39
1629858074565 56.220013705587846 40
1629858097990 76.62566388490556 41
1629858109640 61.482412386298535 42
1629858121391 78.21850740335967 43
1629858132960 56.214349129373474 44
1629858144158 60.22708185341806 45
1629858168165 58.56342136008353 46
1629858180162 60.14240038590649 47
1629858192542 58.89708659094482 48
1629858204227 59.8164480352464 49
1629858215466 62.192450211292325 50
1629858239330 58.630407747513814 51
1629858250755 61.10546031142938 52
1629858261650 55.284570061844974 53
1629858273309 64.50664598362455 54
1629858284216 56.341722481214305 55
1629858308057 58.5525359902159 56
1629858318982 60.7124347903748 57
1629858330393 60.70030764092503 58
1629858340835 72.25052337245518 59
1629858352907 62.938161697346395 60
1629858376560 67.77371544999927 61
1629858387433 57.49182031532456 62
1629858399082 70.22593573362059 63
1629858410545 64.79650598385723 64
1629858422306 53.976633618899285 65
1629858446373 60.285575850077144 66
1629858458006 63.14978741640462 67
1629858469537 72.98820475936829 68
1629858480992 70.77465533703521 69
1629858492447 62.910119586748166 70
1629858516849 58.662438462759866 71
1629858528492 59.57347839195918 72
1629858540103 63.93589981899069 73
1629858551912 67.15334829990653 74
1629858563776 74.1121549834189 75
