1630257117853 36.86718324179473 1
1630258191280 47.72044928340526 2
1630259274373 49.72148328344105 3
1630260349636 53.04146759220599 4
1630261412305 53.317121257098265 5
1630262539559 52.869215169418894 6
1630263610816 53.849045084184546 7
1630264674313 54.35926636744261 8
1630265745539 55.573744556088364 9
1630266814134 54.63577705028562 10
1630267940598 56.219767278818125 11
1630269008181 56.690692669942564 12
1630270081155 54.936813527768834 13
1630271151527 56.040744455889794 14
1630272221531 55.26579827825496 15
1630273356087 54.98605038499533 16
1630274433775 56.52420852714315 17
1630275506657 56.666128357999334 18
1630276578317 58.48432126151677 19
1630277651134 56.90734028908151 20
1630278788637 57.512383416771286 21
1630279860818 57.19783059714951 22
1630280935614 58.054903469282216 23
1630282006771 58.05470951907754 24
1630283077083 58.91655630250517 25
