1630581710860 45.24226088726085 1
1630583061820 54.46285714829362 2
1630584424178 56.36724743199737 3
1630585775861 56.30195135497803 4
1630587124400 57.7042091966496 5
1630588605890 55.41106933356185 6
1630589978949 57.176592663754 7
1630591332875 56.095448954028846 8
1630592689778 58.44700765521645 9
1630594043784 58.97266082638254 10
1630595530729 58.808117544298725 11
1630596885448 59.03072968398225 12
1630598248237 59.54065409875101 13
1630599606147 60.43730073018344 14
1630600970159 59.315435053179776 15
1630602455646 60.25760703555106 16
1630603810937 62.05405247662219 17
1630605182563 61.64217876828202 18
1630606548127 61.407692708574544 19
1630607905299 61.949180607593576 20
1630609401647 62.504353915060584 21
1630610751960 60.525221364110436 22
1630612109806 61.59659071192786 23
1630613467790 61.76555091436761 24
1630614835613 61.61545795079319 25
1630616320889 60.38977739149259 26
1630617683967 61.73494870580105 27
1630619039849 63.28922403996079 28
1630620398018 63.95560102423751 29
1630621757865 62.31837055310695 30
1630623251841 63.14656722540671 31
1630624617104 62.923791499586 32
1630625958712 63.52439388830289 33
1630627320166 62.16327917860488 34
1630628688909 63.6817171638825 35
1630630185124 63.73686476708772 36
1630631549480 64.16212698023284 37
1630632912989 65.23502834926111 38
1630634277497 63.7090124493842 39
1630635645583 63.4524675985681 40
1630637134050 63.98124838055415 41
1630638489487 63.2489720891904 42
1630639839728 65.13916511380245 43
1630641196506 65.47141590513993 44
1630642564843 64.90856429398335 45
1630644061881 64.70959411356526 46
1630645424971 66.31215571453907 47
1630646774361 63.643071776169826 48
1630648129959 66.61571255994673 49
1630649491806 65.69979479599576 50
