1629855130888 1.6761980652809143 1
1629855141212 1.374337077140808 2
1629855159455 1.4030219912528992 3
1629855170936 1.0863535404205322 4
1629855181650 1.3578320145606995 5
1629855214936 1.0836940705776215 6
1629855226228 1.17135688662529 7
1629855237378 1.0878742933273315 8
1629855248356 1.3934090733528137 9
1629855259477 1.2109657526016235 10
1629855281786 0.8494931757450104 11
1629855292812 0.7515091598033905 12
1629855303625 0.6760923266410828 13
1629855315105 0.8419296443462372 14
1629855326442 0.6408219039440155 15
1629855349314 1.053879052400589 16
1629855360464 1.0434601306915283 17
1629855371671 1.3183121085166931 18
1629855382993 0.8237305283546448 19
1629855394178 0.8079798221588135 20
1629855417651 0.6434882581233978 21
1629855429448 0.7534250915050507 22
1629855440779 0.8973072171211243 23
1629855452258 0.8591789603233337 24
1629855463941 0.7085967063903809 25
1629855486807 0.8014417290687561 26
1629855498012 0.6941365003585815 27
1629855509538 1.0141704082489014 28
1629855520367 0.8858788460493088 29
1629855531884 0.5938315242528915 30
1629855555467 0.5469949692487717 31
1629855566506 0.5337940603494644 32
1629855577603 0.61527219414711 33
1629855588529 0.4847749173641205 34
1629855599594 0.5217303931713104 35
