1629862652869 66.56308427918654 1
1629863205393 68.92130063227494 2
1629863744459 72.09403422370714 3
1629864282519 65.70421657776772 4
1629864814595 31.471948391628214 5
1629866063366 29.076930406292455 6
1629866715410 33.22302368105179 7
1629867370890 30.06794874723066 8
1629868009873 30.88691951867978 9
1629868642839 31.829014997362272 10
1629869516815 28.60304668573074 11
1629870169559 29.404803759314678 12
1629870800008 30.00465226462538 13
1629871455320 31.353958439728487 14
1629872098429 29.888375323103293 15
1629873040217 28.328290513775485 16
1629873711892 30.31153137453756 17
1629874411731 30.10355514438267 18
1629875115013 31.13071746388124 19
1629875818186 28.61590839994464 20
1629876781604 30.46787986444735 21
1629877542980 30.531540776441556 22
1629878390926 30.26787751880996 23
1629879259692 28.889554451921118 24
1629880202315 30.614681901213718 25
1629881342620 27.79560316334338 26
1629882220846 32.011995685254966 27
1629883083211 31.467207284272707 28
1629884038045 31.24792638195123 29
1629885069929 31.925207958373882 30
1629886362391 31.098422008785732 31
1629887298894 31.899689093367673 32
1629888238566 30.11199041841098 33
1629889220841 29.962243626635637 34
1629890164806 31.002914888131322 35
1629891651386 29.73023423893436 36
1629892637026 31.490114245394906 37
1629893607257 34.899222969327 38
1629894657527 30.985798619501793 39
1629895747514 31.621105955482403 40
1629897073768 30.598256650606015 41
1629898008880 32.8837631262888 42
1629898902860 32.810452843442825 43
1629899810167 30.90174282528792 44
1629900714632 29.50360195363827 45
1629901939898 29.697672097002947 46
1629902890755 29.366119006610962 47
1629903775949 30.764711747248164 48
1629904396663 29.927382691160435 49
1629904956585 31.839295446663034 50
