1630444128299 1.7919062972068787 1
1630444145032 1.2016271948814392 2
1630444161842 0.9310499727725983 3
1630444178914 1.237145721912384 4
1630444196278 0.9485557377338409 5
1630444212770 0.8523921966552734 6
1630444229621 0.6445329785346985 7
1630444246947 0.8925646245479584 8
1630444263878 0.6884034872055054 9
1630444280556 0.7260400056838989 10
1630444297201 0.7625214159488678 11
1630444314628 0.7296475768089294 12
1630444332335 0.6027410328388214 13
1630444349285 0.6362310647964478 14
1630444366310 0.6587495505809784 15
1630444383077 0.6647645235061646 16
1630444400270 0.6296213865280151 17
1630444417529 0.5330660492181778 18
1630444434358 0.6268515288829803 19
1630444451282 0.6591976881027222 20
