1630015479141 44.05873648668045 1
1630016190295 53.74052791739251 2
1630016906016 57.898645080361696 3
1630017619511 58.32365001159198 4
1630018334888 59.0257420056244 5
1630019090665 60.98200062630978 6
1630019809208 61.23960180007171 7
1630020522537 59.97100827215836 8
1630021233072 62.341172671244536 9
1630021948173 62.20963305924416 10
1630022696424 62.49226760456133 11
1630023415162 62.873809514681334 12
1630024131185 63.706266255724344 13
1630024847920 63.00216934406985 14
1630025565967 64.31835899043806 15
1630026315437 63.2888799626015 16
1630027035014 63.36095544749233 17
1630027746511 62.27037614369415 18
1630028461287 62.48660231685692 19
1630029178992 63.87835742912111 20
1630029937081 64.24711761849748 21
1630030657701 65.73291975716948 22
1630031373412 65.20308178179464 23
1630032088658 64.69449901529737 24
1630032800318 65.2783650120792 25
