1630257117852 45.22620690195511 1
1630258191279 55.21549609751545 2
1630259274371 57.622828889919475 3
1630260349635 60.47439770712303 4
1630261412304 60.55916219242159 5
1630262539558 60.68818633730571 6
1630263610815 61.50313813335009 7
1630264674312 62.15278647889696 8
1630265745538 62.68968069371634 9
1630266814133 62.11199784189996 10
1630267940597 63.99490655508655 11
1630269008180 64.32101180121683 12
1630270081154 63.037036147848625 13
1630271151526 64.15594795975214 14
1630272221529 62.95915943165619 15
1630273356085 63.41145361699645 16
1630274433773 64.68015385692668 17
1630275506656 64.33592409248512 18
1630276578316 66.60804528267384 19
1630277651133 64.0106990142221 20
1630278788636 65.49679796875799 21
1630279860817 64.65054737395573 22
1630280935613 65.60574688156697 23
1630282006770 65.91554291986506 24
1630283077082 66.52799877901495 25
