1630581710857 82.13828676667798 1
1630583061818 86.37659352339264 2
1630584424176 87.40738209389016 3
1630585775858 87.54973222316588 4
1630587124398 87.62498478587202 5
1630588605888 86.8776751406304 6
1630589978946 87.80183373603576 7
1630591332872 87.13769523596727 8
1630592689775 87.90427773219585 9
1630594043782 88.12536359927299 10
1630595530726 87.3268736989461 11
1630596885445 87.9209804840693 12
1630598248234 88.36325477433783 13
1630599606145 88.2560525672362 14
1630600970156 87.77897920383802 15
1630602455643 87.84859307371352 16
1630603810935 88.65725322812548 17
1630605182560 88.00964090067221 18
1630606548124 88.01881120611381 19
1630607905297 88.19876780776508 20
1630609401642 88.37669608983099 21
1630610751958 87.57849782666455 22
1630612109803 88.46652340666054 23
1630613467789 88.15245617473911 24
1630614835610 88.15534546525558 25
1630616320886 87.74166535121452 26
1630617683964 88.14832284748671 27
1630619039847 88.57906419632174 28
1630620398015 88.48291076090621 29
1630621757863 88.16283220008914 30
1630623251839 88.51292241296403 31
1630624617101 88.45857482362825 32
1630625958710 88.6464321183734 33
1630627320163 88.39483459609654 34
1630628688907 88.66355873654679 35
1630630185122 88.35456563497277 36
1630631549478 88.30923950734253 37
1630632912986 88.98618405633309 38
1630634277494 88.64611623671671 39
1630635645581 88.32705390183877 40
1630637134048 88.99876213413984 41
1630638489484 88.51402042237754 42
1630639839725 88.77152940273888 43
1630641196504 89.18708608770952 44
1630642564841 88.53745605312629 45
1630644061878 89.01700120111555 46
1630645424968 89.25705249529622 47
1630646774359 88.16044170897301 48
1630648129956 89.12978049217638 49
1630649491803 89.02206186456596 50
