1629854246188 31.427207769321736 1
1629854256473 33.300782613560834 2
1629854266854 34.262461486830134 3
1629854277573 32.872609957960364 4
1629854288605 42.314209915358745 5
1629854321883 39.3526015311839 6
1629854332917 48.00224269116799 7
1629854343601 36.85549178543327 8
1629854354416 38.61270367311919 9
1629854365248 40.256706167270586 10
1629854388593 41.95406419288695 11
1629854399261 39.124528368672614 12
1629854410612 45.34719553992216 13
1629854421123 45.329365538369224 14
1629854431892 52.91892017788925 15
1629854454019 50.168746842748945 16
1629854465213 43.85772089884182 17
1629854476790 41.81462152778037 18
1629854487928 47.212654652612365 19
1629854498922 51.155703590443025 20
