1629856255384 18.361258974499396 1
1629856265789 31.211527091069286 2
1629856276587 37.46834431433809 3
1629856287524 28.86324050782367 4
1629856298642 34.86980201333232 5
1629856330802 40.087308005238036 6
1629856341823 49.07640758841739 7
1629856352568 39.61164719905139 8
1629856364009 36.58788139828996 9
1629856375136 36.7367527703082 10
1629856397572 36.46994727195935 11
1629856408648 46.470466609673025 12
1629856419818 44.85794676456569 13
1629856430998 51.06872262057549 14
1629856441898 39.18632497362812 15
1629856464103 42.59317481325407 16
1629856474996 46.42644212877775 17
1629856486405 46.38082823787538 18
1629856496719 48.47816932583468 19
1629856507093 47.89661369391291 20
1629856529838 51.17625200448946 21
1629856540475 42.79789296589552 22
1629856551687 49.07723508830756 23
1629856562555 53.24818448694835 24
1629856573160 60.225405510831386 25
1629856594902 57.2198382305145 26
1629856605774 53.92089373667331 27
1629856616889 65.490598575188 28
1629856627692 53.12017093864145 29
1629856638518 61.23774297318752 30
1629856661436 68.59599054056915 31
1629856672428 55.43961615999265 32
1629856683409 57.92705670562896 33
1629856694348 57.67423019228877 34
1629856706014 66.26706857812025 35
1629856728959 55.511650897866026 36
1629856739933 55.410532215770736 37
1629856750405 63.040688605776396 38
1629856761634 73.00212613794393 39
1629856774050 64.24768126198276 40
1629856797243 63.53351693294549 41
1629856808622 51.518853403848155 42
1629856820479 70.08282076648703 43
1629856831718 62.248908206357854 44
1629856842965 58.36619499551677 45
1629856865935 55.23946232918323 46
1629856877219 68.49179013400718 47
1629856888537 59.756840880709305 48
1629856899953 67.63775726763507 49
1629856911102 58.04935175792848 50
