1629855130890 39.297938693238 1
1629855141213 50.34035788529736 2
1629855159456 53.12602425434284 3
1629855170937 56.69270027837921 4
1629855181651 46.38086215063951 5
1629855214937 61.68749122560718 6
1629855226229 61.99942379717661 7
1629855237379 58.26140567200987 8
1629855248357 48.400546582109946 9
1629855259478 56.20059498512538 10
1629855281787 66.68901446221626 11
1629855292813 75.41103397880892 12
1629855303626 74.81731796782486 13
1629855315106 67.02229517165914 14
1629855326443 76.35801595167304 15
1629855349315 64.2027297434519 16
1629855360465 60.188253012048186 17
1629855371672 52.22156398104265 18
1629855382994 69.35146769816265 19
1629855394179 70.36980205616081 20
1629855417652 76.52198662302547 21
1629855429449 70.86758611318704 22
1629855440780 72.57026099695439 23
1629855452259 70.40499822757887 24
1629855463942 75.36001952648279 25
1629855486808 71.21320890165111 26
1629855498013 73.34196984418296 27
1629855509540 60.65366558324305 28
1629855520368 72.27464364585424 29
1629855531885 79.12725944860325 30
1629855555468 82.20074261802323 31
1629855566507 82.77227722772277 32
1629855577604 78.81841080833524 33
1629855588530 85.49605435287168 34
1629855599595 80.6281826351149 35
