1630510865801 46.70255055515272 1
1630512212109 53.948569155426476 2
1630513573058 55.98348754057402 3
1630514942238 56.81954437713818 4
1630516300309 57.590120208145755 5
1630517791365 56.16768135055048 6
1630519139361 55.979174846095425 7
1630520498732 58.12787299364359 8
1630521862908 58.17276339852408 9
1630523236238 59.45355703351163 10
1630524726725 57.64229515687707 11
1630526079218 57.97472911269453 12
1630527437731 58.91270104990325 13
1630528793411 58.96289186503923 14
1630530150764 58.773104990501835 15
1630531628602 58.17368594181944 16
1630532991166 60.569811483987564 17
1630534334431 60.67527198857773 18
1630535678409 59.16020111207126 19
1630537044498 62.419003702505634 20
1630538531586 62.04462299718821 21
1630539896902 61.021327703058134 22
1630541258822 60.50560055177068 23
1630542612870 62.40942749900691 24
1630543970315 62.06034433975224 25
1630545457346 62.96649715781074 26
1630546820287 62.71155906193325 27
1630548182068 62.36828955733377 28
1630549542480 61.59667545318715 29
1630550908336 62.96185720848977 30
1630552379030 62.21550669158 31
1630553742836 62.75437224252091 32
1630555115871 62.517120343540796 33
1630556471275 62.84351082157214 34
1630557832962 61.79894011214261 35
1630559308032 63.498407950442314 36
1630560670855 65.05434778080328 37
1630562036174 62.683471735926055 38
1630563389776 63.36528731521006 39
1630564755273 64.30496921732875 40
1630566255359 64.4218530915511 41
1630567617873 64.70149880796112 42
1630568977594 66.66680509962532 43
1630570346553 63.72474180530351 44
1630571688844 63.91546114975928 45
1630573181354 65.6937586553618 46
1630574537847 65.07133491532008 47
1630575909195 65.01929888926695 48
1630577268104 65.7901133907498 49
1630578628306 65.19263070636838 50
