1629855130891 23.954277421120462 1
1629855141213 28.790764250238727 2
1629855159457 38.06840496181342 3
1629855170938 37.96623610503559 4
1629855181652 34.015689112756505 5
1629855214937 35.27450258560641 6
1629855226229 38.18798115330253 7
1629855237380 36.924013421303506 8
1629855248358 40.030563695800666 9
1629855259479 28.492992907800367 10
1629855281788 40.918876352151514 11
1629855292813 45.153390459427214 12
1629855303626 44.787372767247795 13
1629855315107 52.074077879392256 14
1629855326444 52.367210498712424 15
1629855349315 52.37808568959014 16
1629855360466 46.2719873005077 17
1629855371673 52.980497144182046 18
1629855382995 51.59559924683877 19
1629855394179 49.849879234549896 20
1629855417653 59.31410293909002 21
1629855429450 55.46842677272329 22
1629855440781 50.702206357472456 23
1629855452260 36.96215204230033 24
1629855463942 55.30396555832535 25
1629855486808 53.45178027672045 26
1629855498014 52.71187583109301 27
1629855509540 44.257591381002506 28
1629855520368 54.924223271550574 29
1629855531886 55.37102661829228 30
1629855555469 58.088458539094866 31
1629855566508 64.11610253708112 32
1629855577605 57.752398269400906 33
1629855588530 51.85387083164967 34
1629855599596 60.10888907878134 35
