1630444128302 7.070770199473103 1
1630444145035 12.878199537699217 2
1630444161845 14.103232740488062 3
1630444178917 15.023873731668463 4
1630444196281 15.77914484337645 5
1630444212773 20.5993600111493 6
1630444229624 19.821735927707813 7
1630444246950 16.594067038893108 8
1630444263881 18.165844557286583 9
1630444280559 19.969450646995853 10
1630444297204 23.624104701813803 11
1630444314631 23.985073062809906 12
1630444332338 28.007372865446552 13
1630444349288 28.775721122233538 14
1630444366313 27.178905801394272 15
1630444383080 32.940324026889144 16
1630444400273 34.70809836253608 17
1630444417532 38.67717660793939 18
1630444434361 33.602279255723246 19
1630444451284 24.378497670398243 20
