1630420051644 23.737836608096995 1
1630420060949 21.77936971156779 2
1630420070413 26.613275750668414 3
1630420080321 25.82373417708012 4
1630420089370 32.983942486435254 5
1630420099752 30.163053956941315 6
1630420110168 35.81870104811043 7
1630420120221 32.08710609293224 8
1630420129901 33.65481240043432 9
1630420139372 33.88436774227362 10
1630420149118 38.22468291395685 11
1630420158637 38.652321918226 12
1630420168136 41.97818338042102 13
1630420177493 39.7281092287196 14
1630420187189 39.15509235369824 15
1630420196705 43.72996697363925 16
1630420205983 46.4808785041353 17
1630420215040 44.15249589301297 18
1630420224980 47.0814078146958 19
1630420234157 50.82565878923104 20
1630420244021 41.55070528412435 21
1630420254696 45.964019341081524 22
1630420264374 45.1208790881955 23
1630420274084 41.047096341022495 24
1630420284794 40.81631650015612 25
