1630146629331 72.11867699620703 1
1630147346833 79.49998078285961 2
1630148060356 81.93661940656612 3
1630148788639 82.91685013689079 4
1630149513928 82.2537088957267 5
1630150271504 82.20281245039348 6
1630150993432 82.80848411729558 7
1630151721898 82.79206969884065 8
1630152445001 83.4076468339124 9
1630153170078 83.54156585039138 10
1630153936624 83.46010452381745 11
1630154665959 84.24928389473997 12
1630155400366 83.30461704697667 13
1630156126600 82.96351814817484 14
1630156848544 82.5281921745576 15
1630157610837 83.29223034894478 16
1630158337434 84.55168411027759 17
1630159066572 85.07119375022093 18
1630159787732 84.31265095914263 19
1630160512122 84.36425575657012 20
1630161280058 84.0095609130491 21
1630162002965 84.68563615599297 22
1630162728158 83.17368305359966 23
1630163445084 84.04173500598431 24
1630164167787 84.75841865872205 25
1630164932637 83.81675552750735 26
1630165655144 85.01852418173759 27
1630166378576 85.12020323310084 28
1630167108349 84.73153726649237 29
1630167833893 84.97281744454163 30
1630168598951 85.72880377263047 31
1630169324345 85.19066567809038 32
1630170051472 85.18165005187424 33
1630170774357 84.61788987189074 34
1630171507213 85.79868595367472 35
1630172275342 85.24993520838659 36
1630172994870 84.74548208048925 37
1630173716850 85.97490049641588 38
1630174437945 85.73516706985563 39
1630175171202 84.51482654298461 40
1630175936219 85.33703004491043 41
1630176658774 85.53589363070861 42
1630177388789 86.55414262999996 43
1630178113460 84.87481972725836 44
1630178843500 86.58545830687822 45
1630179611671 85.44426044686108 46
1630180335854 85.38643682515628 47
1630181056653 84.98948376974353 48
1630181781951 85.48084111987036 49
1630182508376 86.8035506664345 50
