1630286577763 44.196297413283325 1
1630287641486 54.505652761759826 2
1630288713548 57.57883852564917 3
1630289781391 58.952555531488414 4
1630290847581 58.926487452260226 5
1630291978249 57.928329014245506 6
1630293052858 59.37635312877252 7
1630294135104 61.495559138428845 8
1630295209893 60.52367153035304 9
1630296285251 61.83053837157573 10
1630297414555 62.931592559187244 11
1630298489435 63.619147141045296 12
1630299568140 64.30863196828177 13
1630300650436 63.54613449220857 14
1630301726324 63.08499551108015 15
1630302862372 63.34181329156514 16
1630303941347 64.55449617075858 17
1630305021669 65.37857860846891 18
1630306100522 65.05936375205064 19
1630307170522 64.44459398865072 20
1630308303594 64.73384156474602 21
1630309382318 64.81395276875465 22
1630310452901 64.93749858088019 23
1630311534410 65.61309825341846 24
1630312610135 66.54393623421606 25
1630313746422 64.97523173983424 26
1630314825849 65.75711570484114 27
1630315903442 66.95819188843348 28
1630316980174 66.04661558322394 29
1630318058310 64.92031877785024 30
1630319199210 66.00839458784385 31
1630320273713 67.26840418287422 32
1630321350050 67.79316369662186 33
1630322426107 66.80308530141765 34
1630323498472 66.6415477970879 35
1630324633780 68.74582721208992 36
1630325720531 68.01709382475114 37
1630326789996 69.45556232768168 38
1630327860552 68.23100827705282 39
1630328937918 68.9232765715207 40
1630330086266 67.73932491200624 41
1630331170333 68.35280693161717 42
1630332254506 67.81519302672844 43
1630333329392 68.91087691665086 44
1630334403807 68.06626238874804 45
1630335543797 68.10979300464643 46
1630336618149 68.30807965570742 47
1630337694484 68.79956301491993 48
1630338776215 69.44547673793846 49
1630339847309 68.82805816658967 50
