1629859199295 27.134373999928883 1
1629859209648 64.21239447429011 2
1629859220134 53.594346167186956 3
1629859231200 57.28660314991251 4
1629859242662 60.64829954218444 5
1629859275638 61.05595953208979 6
1629859286579 51.779359430604984 7
1629859297345 60.01568174314955 8
1629859308301 59.861448443364985 9
1629859319081 63.40852130325815 10
1629859341922 70.18292038205335 11
1629859352481 72.831926323868 12
1629859363480 65.97667638483965 13
1629859374114 51.78585324099292 14
1629859384833 56.139897488908986 15
1629859407301 67.07173801306998 16
1629859419153 56.1044912923923 17
1629859430887 64.96362713584843 18
1629859442398 74.13130018217394 19
1629859453771 72.84303534303534 20
1629859476970 67.92218543046357 21
1629859488159 80.85852680808418 22
1629859499388 73.37780854679337 23
1629859510511 61.70720299345183 24
1629859521704 73.27971753628873 25
1629859545032 69.08807598130147 26
1629859555911 75.60792605982061 27
1629859566665 69.10569105691057 28
1629859577789 69.94445179209099 29
1629859588906 66.70789018055899 30
1629859612256 64.72875145231924 31
1629859623430 82.13062672773033 32
1629859634708 58.379720475751874 33
1629859645878 69.36722266348954 34
1629859657090 67.04366682256898 35
1629859681059 63.88974532897576 36
1629859692378 69.99111035854887 37
1629859703834 78.04371476609633 38
1629859715148 71.62001022088468 39
1629859727285 66.11495089123316 40
1629859751186 82.27987608721554 41
1629859762377 70.61510643022555 42
1629859773917 81.31510000639018 43
1629859785214 84.1624203821656 44
1629859796769 57.65734367285296 45
1629859820173 79.1858513705409 46
1629859832227 67.48669426374926 47
1629859844399 80.49861631523522 48
1629859855735 80.12208835341366 49
1629859867153 76.80334789471752 50
1629859891078 75.13017848370723 51
1629859902695 79.72994851536444 52
1629859914190 84.40880142871585 53
1629859926430 58.79912846727562 54
1629859937860 76.67901806391848 55
1629859961645 79.43414956982132 56
1629859973096 80.52378169268877 57
1629859984925 75.87373167981961 58
1629859996915 66.65840629990637 59
1629860008176 65.74480756346311 60
1629860032129 87.34827564061396 61
1629860043615 78.53903426866829 62
1629860055401 87.87911611785096 63
1629860067052 72.22908305032418 64
1629860078807 87.0920825379511 65
1629860103217 78.44413012729844 66
1629860114557 72.02326691843555 67
1629860126286 83.72622222222222 68
1629860138580 78.01658424125237 69
1629860150073 76.13762031537989 70
1629860173592 81.87625552430696 71
1629860185615 79.55637940243174 72
1629860197229 72.88826836168572 73
1629860208776 84.20778584336426 74
1629860220742 72.71055795205432 75
1629860245627 74.91018217168943 76
1629860257709 80.23350846468185 77
1629860270838 79.64714818395248 78
1629860282661 88.0389853369882 79
1629860294715 82.97606859482978 80
1629860319852 87.9813177410154 81
1629860331973 77.0448140233516 82
1629860344452 81.84898165816425 83
1629860356882 79.92352342438997 84
1629860369288 71.87490771638662 85
1629860394599 74.47496622589757 86
1629860406762 84.45868548961333 87
1629860419394 75.62833415827971 88
1629860431080 79.63368099720172 89
1629860443359 84.3070009460738 90
1629860467972 74.63955475700075 91
1629860480389 79.0326701952911 92
1629860492254 90.52670573179768 93
1629860503998 83.41693999614122 94
1629860516099 80.72293911053234 95
1629860539922 80.78099594896244 96
1629860551221 73.82547191905944 97
1629860562633 80.7111311147993 98
1629860573664 77.083178473203 99
1629860585548 87.53097544492002 100
