1630420051645 9.0614694023498 1
1630420060950 12.868671447505658 2
1630420070414 20.328862795430666 3
1630420080322 17.94464039706695 4
1630420089370 24.5312503076184 5
1630420099753 17.984105949717332 6
1630420110169 27.400013058014373 7
1630420120222 17.477784017958758 8
1630420129902 26.169674438134354 9
1630420139373 21.389641740342963 10
1630420149119 26.49418221522421 11
1630420158638 25.234233056465733 12
1630420168137 33.94273008952555 13
1630420177494 27.005827354463356 14
1630420187190 26.344030595921115 15
1630420196706 35.183048912585555 16
1630420205984 31.847228803472866 17
1630420215041 31.342477595647594 18
1630420224981 34.90144341301119 19
1630420234158 46.185903943543636 20
1630420244021 33.48228512070772 21
1630420254698 33.22838131304467 22
1630420264375 37.47313494455918 23
1630420274085 32.369150300416116 24
1630420284795 29.536184144056516 25
